,MV1,MV2,MV3,MV4,MV5,MV6,MV7,MV8,MV9,MV10,MV11,MV12,MV13,MV14,MV15,MV16
0,0.46027032486388947,3.504536974776498,8.688110117123559,13.498275220900783,27.213742469944464,27.536440382093115,115.05269114384265,126.02729611053395,146.11920521878187,147.57322226326056,206.00528971597421,111.88000951179386,163.08043306037817,160.3079962347841,180.35469329901454,128.44558025624826
1,2.009053378723865,11.21835106681273,29.12377062886345,44.356963068187405,68.18680138301009,78.35507332634685,288.8969156309156,288.0542679594728,316.15387909871436,282.33371197561723,337.89186839016946,172.07150561370443,241.8895889839602,154.36438603555,163.28379081598843,48.961618656247765
2,3.932249420406523,16.69539250994451,37.741071038939936,58.73292914098195,66.68224768353085,69.19506783663961,152.50231323853728,96.2508671511256,62.18757597428316,-36.21125249855203,-81.11362142778373,-103.3338796028717,-115.158662097024,-246.3230422126111,-244.46806603650296,-236.18626838893795
3,5.300181558527109,20.9211791104299,38.421909107605316,47.139532746370065,50.55977496573466,10.804556878140545,-82.1683068848364,-125.3360528218941,-179.86952826379945,-235.41979658226376,-171.0089981690105,-140.40301929769845,-95.67964334449903,-83.73918884737827,57.264948968797285,114.28877639834855
4,6.680658144954712,24.26254412049287,45.589012931061916,29.699882699572328,11.958430287554847,-44.22414048501071,-96.43510804145512,-62.57793051000749,-43.226043528664604,13.82366922053734,132.6404021450628,71.56766383323304,199.38626533352397,168.82077221984298,203.0998422075295,130.61908399742552
5,8.346109376778482,25.259922761398144,33.68975959456492,8.491003201831916,-45.5162157841624,-98.97012175968007,-110.81442506650342,-46.99217029256192,16.182093489311683,68.9170159752282,56.36412653152638,-51.43646215235481,-83.66929216629433,-232.813907092612,-350.8495415948797,-271.41036357691604
6,9.518162940983949,27.4592263243467,16.90685675779298,-19.524006857380982,-65.76615932659365,-86.14240539842945,-41.54142658064279,25.958802553580654,84.48673549160958,24.545825326089243,-15.205739107879026,-82.93101191676851,-253.93555882802707,-161.6787564996423,23.52226134680268,170.13557747968412
7,10.436994171957465,25.9294410434037,9.507253991756102,-46.45573006441987,-75.26034490909592,-14.994032504432766,87.50313091878752,104.2866243586368,100.54094151928848,-26.361298098401676,-96.27454553448433,-22.83341325303911,-42.7342711006861,160.79435760549552,200.3991251195066,107.07460540090625
8,11.78014759330243,21.857707985341335,-10.732677082515465,-54.947646163924105,-54.335669709591,41.85336260927329,101.97305099145024,7.842470438560213,-76.60407496678499,-140.1376850210611,-82.08316051196698,-22.67373705387456,88.99811512244742,-67.75629174709991,-241.43926108486653,-270.43621155298354
9,12.429880751552389,17.767510679490897,-26.898447584653013,-54.049701943919445,-5.047311681815245,87.78452880920577,67.04033848737026,-64.92321588162349,-129.13391045297476,-47.53494987887757,82.78058638531365,42.58021648986221,4.4142552581140535,-271.43576270846415,-29.90888904346707,127.07353710115979
10,12.166264545206161,9.836192568020351,-35.56956520429367,-48.54499482890196,32.15487698887705,86.54118864142322,-31.887044209304804,-128.23494572983554,-78.71811814143348,129.9089999572784,-7.878242079890242,-19.584005982415192,-131.2414070152056,-11.235673806625414,156.49373296723115,81.21020923223136
11,12.754868907163427,3.102529535874737,-42.835846375535084,-18.133091630556237,63.03365851268245,37.21731626233111,-80.95146506719038,-101.42623881859754,63.31866604621064,137.1539083410953,-85.81717474381412,-9.58628649795969,48.84251274287385,172.9595290100355,-109.67240958294906,-221.5596797954779
12,13.028936065246342,-3.2653822233985466,-38.27005356181985,11.250699305068792,72.02630389630326,-25.80371640191447,-65.01016869160549,55.47090905040386,112.10904489233553,-98.10389621575723,-89.53579660514424,-15.9637572151845,148.48630038821807,-149.27396302177044,-293.5649504668381,27.111981051281077
13,12.14625801952593,-10.459648122762019,-34.385290946301666,32.57500183983916,45.984221134031486,-80.68595285259835,-37.04486377312969,103.80696643830152,-60.46681276068648,-235.88580988262038,18.046624385206087,-74.0489164556152,-73.87460771652673,-264.6963458173045,74.33941467466798,102.70556074873548
14,12.187673910862372,-16.763352874576412,-29.19655441201394,58.093259505282504,-0.8022128266343316,-75.96168866914331,32.76415024630569,36.11326856288224,-140.53488137084787,-54.70758682659152,183.85101207829575,-24.73375968197115,-92.33167589729601,65.41087547912002,172.67895416319698,-194.57266778266273
15,11.578837768474841,-23.933912929099506,-12.9519850036138,51.86185351678455,-41.22697908437226,-39.00807621626723,88.70747224987281,-21.377019078415287,-109.20453246771558,156.0765562808615,16.790238419787784,-69.61008262085494,127.8385073360646,63.00713086140422,-198.03425455543834,19.115779638981735
16,10.188667197029758,-27.991672969572846,3.2186147274244377,36.88631033358047,-75.49788769384668,14.77825170243409,92.62790611206583,-84.66817245421953,5.916014061476744,148.60065755648293,-185.31491021299007,-68.3448847264832,150.96292388587653,-149.33869760327025,145.8791628774601,330.3335961168573
17,9.52560138509864,-30.720930793505886,15.17214422584766,28.951285008614605,-81.42771046380767,80.03605357510514,-4.133980755768789,-99.13630951521009,137.2955605271609,-75.00996680418712,-86.14255191300254,-26.469274875537906,-92.31493486128056,108.42237410630423,356.15310413579857,-102.57447681297731
18,7.947948427189203,-32.225598736446045,29.586242191539895,-5.0773677717113515,-48.36102856347543,92.64995839812923,-93.24308399177062,-5.84348760582543,80.53253846149255,-149.39599214497866,104.6192683190784,-50.485502487366375,-28.991229966306037,455.9605889722711,-81.7229033357022,-204.7346797769418
19,6.843628952062318,-29.08200205136336,40.9199234523885,-33.11288451440441,-5.907861860882122,65.30101220499682,-84.74694227830878,77.38871263842248,-63.63993802230834,4.335380592271122,121.1391373455499,-0.502340152402212,337.1335503053456,118.74414041197997,-13.706871547020114,61.55093508980792
20,5.822620962998371,-25.659674198715038,37.43588491293781,-43.550930001437564,38.39402061660894,5.504208810009686,-41.584271353130134,75.47769370848073,-130.1498706553557,74.68113956653315,-106.73054163658071,143.58677233011213,228.48541615924387,-231.46919105018605,164.77127576146881,-227.11951161640593
21,3.739361120024796,-21.8088155527621,32.05328424798131,-52.80686979250777,61.16718157493938,-63.53385545517699,29.395311459041295,-18.5326384778582,-84.77379248956186,36.53851907922126,-162.20220413048446,278.0337381921847,-121.49403706974635,133.919035842202,-122.64913832293814,-194.65850106546043
22,2.52346623676749,-15.682264125197435,29.08867294225297,-50.56713611123291,65.82811228675496,-83.97223640514403,91.89244688787221,-113.26064505668728,79.58303330838862,-71.3414101665453,145.98512969578132,111.57260951130343,-71.9968507428739,162.1521903545181,-131.9893838946998,144.20781714992802
23,0.7743701275815056,-9.361936812732438,15.211100599658948,-31.35798263714105,52.09576376682162,-70.69997898765723,94.59646352639902,-107.93212290803149,144.16321224330568,-141.8288954814966,334.12516441274965,-131.67619744830358,123.3430537202903,-222.9814499198028,209.3167261676317,-93.37051417414796
24,-1.390741779428481,-2.534800385374183,0.9340217099465917,-0.8668657989937856,0.49168255451536425,-14.700045884759675,9.419218869323231,-29.754451243629774,-0.22548124739205377,33.01695074745021,124.31975857936868,-65.44129943700068,14.067864903147893,-50.10427801210972,91.63205417858171,-157.57609208061024
25,-2.9033393916679415,5.2781170266562185,-14.002939442845218,22.214914610337928,-37.14879802923929,59.09915747635205,-84.79953193921938,80.27944639159341,-85.85635077631923,322.8341087763065,-189.8577667808804,29.669500853584395,-245.44330699851344,217.4776170507048,-300.53333924017625,139.1556279537799
26,-4.790236953647764,12.059613557645662,-31.26567123672976,37.6983874794505,-58.27410750462013,86.80176816882386,-115.63265329208843,104.0656608892541,-63.65139424161043,276.434511904738,-156.5230460494222,-15.26081064074151,-83.962591342839,26.003340373708852,-39.19164823786696,-67.4640883627535
27,-6.278185069396841,17.211187815913036,-38.67659285764421,47.65978195764501,-72.40667969359129,66.20353790869285,-78.83910668134558,4.030234173158533,84.63869589318438,-72.00298418532475,112.87926817448533,-41.11489668262902,176.6375660644162,-146.94121694965452,197.58853142483167,-218.08011691311822
28,-7.740020191077747,20.631454693898377,-43.381472628334905,49.65202957441261,-37.15115377987149,13.185203853976873,25.332752888614777,-76.88581985714245,306.41488095252134,-173.9464227559547,135.87717902938493,11.836459392248116,-45.476274941254815,84.88465963851104,-165.99609717475687,127.42499165276968
29,-9.65953637792336,23.525910759337876,-42.72315197007492,36.62510131085446,-3.7149282428845254,-43.51382774260583,75.44214382822065,-92.85651929562755,204.99031552452743,-34.00706653415091,-90.30203388264272,0.1041233525379539,-177.81879216036668,172.9132897803156,-71.08822972006419,-48.029067695328195
30,-10.840857200707433,25.561867576852364,-32.79746416514581,4.369130419664543,29.015834503635688,-78.69391895317858,67.10941766235374,-17.519195821589165,-93.18576515084442,74.62845734931125,-189.1283284479905,-42.09744113439456,-5.150988626097387,-149.43252123843558,200.02636221013336,-220.18149850881946
31,-11.752192092839778,26.10878117184484,-24.161864363203676,-19.48673327569577,69.42002116235199,-74.87099032850574,26.923064978795082,167.30888354828585,-134.7144757877868,102.10036045920151,-21.607811422836676,33.42706735998922,131.28641513462753,-138.47605107263462,-120.537012233719,426.87065212314155
32,-13.29174154037355,26.375024913158995,-10.459769401777521,-37.92688031620128,63.372256489427855,-33.794144227512334,-66.93247342635368,265.6772465291788,-42.42682535379572,-58.212584512100875,165.07879155841692,46.25489317396318,-0.37060703191309585,159.8660318992179,-201.14028986793846,211.57874058084508
33,-14.33401823019858,22.2394256314451,8.263444891796553,-51.8818500410398,48.958531569960996,32.275101467576405,-90.68256313945676,131.11017033013286,19.953177949359088,-167.84272110452184,84.80142287059607,-9.619322565909897,-229.44916860731246,46.95102285471148,390.03254048459667,-421.6192483647401
34,-14.582798040394664,16.032133430993326,22.75476923529095,-50.65707503349586,12.677105730758285,79.21438231621141,-38.61405571958676,-84.06533612504245,77.71892972634669,-31.156356600921754,-189.29612250041646,10.419597695345601,37.064192267818726,-168.07342217102814,360.9617050493189,86.08052884765675
35,-15.373266429968226,11.302242691020183,33.98905373565367,-44.286397382874384,-44.20975619532055,65.70511838448738,74.60487274153638,-144.07294376965456,8.559251802114886,78.65959194560764,-187.11351496283532,23.18486738689853,235.93559344859023,224.68042061603592,-299.75764147722884,86.18916104593063
36,-15.600939161305632,3.737642492264513,37.31931286904546,-17.628840471830244,-65.31446686083427,29.355777751181904,239.59689807250106,-87.77756038902953,-131.25229778973335,83.54011566231657,82.42574632103242,27.079519510261434,-69.6888832863242,503.9042457741307,14.46550693435347,-253.76665512050022
37,-14.733073724598398,-4.1290124416950675,41.56665894203252,11.15136630279585,-58.384437674998026,-22.067262958690208,194.6005482116543,6.898420702140356,-144.09653322364284,-71.31810665711873,121.85723368706567,1.6813608298284635,-111.86029428060829,-118.64988274368352,277.49395609960993,119.7896519942924
38,-14.447363651696833,-10.576812192836769,43.11430317729992,31.58669340948336,-39.53812030415793,-74.25205180641387,-21.350485943512467,105.38348750425939,6.811317195079027,-209.57310564872478,-32.636553160751646,-48.20894603828856,305.956255295283,-262.5851215118464,-283.61000841117766,59.03947210304068
39,-14.56226883263389,-18.03068686156348,27.71710712457798,50.54047168960369,-12.980900810799994,-72.63967783618273,-67.0861455417853,67.61877223618467,91.79096014085917,-21.735480093714614,-111.21913437213516,-11.060267552584719,434.31578387176523,175.92795311680766,-122.62301320073402,-256.2560800836818
40,-14.053020823633233,-23.05774369382607,12.002270689298257,49.31525139436235,32.140591434756516,-36.86215277295332,-83.86568857289058,-24.173093975676238,44.45167090513132,148.7616087231454,-27.03886337595395,15.514667040212316,-27.02525436345968,-6.830989590322133,212.2638706036023,-57.27663499761729
41,-12.952143421955952,-24.636121484319574,-3.0676195795331296,44.44099186794119,57.75040454152304,10.256218257964065,-114.74853760396581,-94.46351548393977,-4.399760209844317,99.93666447853138,132.42721226970934,78.46463726255479,-165.51649364905643,-223.9785180020972,-83.78427289341835,137.4730466903984
42,-12.214707655796701,-26.193790930787145,-20.91722394034059,22.301632119244914,54.72327646113126,73.41691896562406,14.917619717716661,-110.86603559714786,-123.39293788978102,-67.99650183691938,74.89723523004977,149.73188779620295,164.80738439478228,-65.41482093713603,-123.60224080835906,-162.29229352384573
43,-11.09842539320016,-28.301878668502013,-34.62392972454472,-10.725102215987135,45.575347246299316,86.05296297270479,73.63942942144968,4.407939409655228,-131.18696261687364,-178.80180954899515,-197.3533434379242,26.546958891151007,109.54125931061026,116.04586081586513,109.66180602161239,-43.11048687748007
44,-9.179220465228354,-29.46743188245682,-41.59829377818005,-26.718838109672106,4.060589663266001,35.31936315343137,69.83127546968171,110.27451993317845,65.11870007348625,-24.961675427757655,-170.91131806822705,-12.186025811960462,-151.63257036119467,-108.33362879386823,89.35596455409541,376.3760903540551
45,-7.723464851706012,-26.433614099594706,-41.55284551278601,-51.13633133275198,-38.22106196903451,-4.826059940633058,60.28764317792957,91.94569085979128,123.79154656884748,141.14706192995436,230.93646938632082,7.3208200088004105,-89.93914726564253,-258.3160733385521,-115.75083294761225,-86.03395423854272
46,-6.179678245808645,-20.218421311136808,-41.447270838595614,-62.305470794170105,-63.38320828217411,-53.35218524378615,-46.290014577993134,-7.860537908545666,8.172954804553228,91.0274685392069,252.21295614920928,-64.65310104572768,124.95183541418373,187.34730610151928,14.72289828085195,-82.82690646431547
47,-4.471429286174498,-15.362182768732055,-30.290540588952354,-45.36917663728673,-72.78317321847044,-81.74142549464796,-87.87285899906783,-99.13089020926418,-99.18446576507995,-79.92355584162033,-118.29870982628745,-7.1842940972790075,51.28935124376585,174.27534436586166,277.9667642579625,410.3851599883528
48,-2.729300490125752,-9.396219567799108,-15.59894100080328,-27.78266415383314,-47.287601736058605,-49.401852491680074,-80.43613318371354,-87.51083569363618,-134.13293619232536,-124.47472991776885,-184.71506277965455,20.79553015157103,-182.96241734503928,-239.94850226714925,-71.34641780654965,-140.85192644634662
49,-1.0110794547053956,-1.3953494120351024,-5.67302908147758,-4.501994101856326,-7.630764087035459,-13.828808140837282,-43.08827486943483,-5.689385030500489,-28.092700644976503,53.86196118175758,-13.304238663175056,7.711183322272063,-28.945706126323785,-107.4928023473608,-128.3058023425492,-216.87499474384822
50,0.5947935813628646,4.975814894776704,13.020947980085111,22.58693718734321,34.24053261900872,48.19778925236915,67.20830878743436,68.8931987657379,114.10796165935972,261.6125019397168,91.95895076931265,1.2395638522210675,197.13991764240927,256.80215213842666,284.99929898444316,276.7809473764137
51,2.499969177665207,11.442783553714435,24.293297164532305,43.84126205168059,59.36155044397765,90.27363718111883,109.19353819663229,110.90158486562177,112.93179254892311,233.2876275892977,31.640518192751188,-64.65278839821679,-3.054225165720709,67.83271595585757,-85.19027124889362,-74.88092065360615
52,4.209857866094353,19.25954887095213,31.039098318587094,61.43573860816423,63.77910060819386,61.78621246423427,52.68209846294485,40.601549436139976,-30.64120156257195,-31.87312379508876,-144.31594249392583,-20.380105113717548,-240.9079762234178,-316.36520058881297,-239.69806463849636,-147.08484198747828
53,5.839489624381713,24.284757842805902,40.71523467629777,52.114254213792265,47.29021818536785,16.719027798734714,-34.3301682632773,-83.32443267473536,-148.6124535896688,-170.19120292084517,-153.84708615177806,30.460762601525403,-111.61965407286698,95.74561974096605,151.32175282845674,163.20303548667653
54,7.207520466527058,25.230849744203624,37.79828141085636,28.684579075817055,0.12085927295629517,-40.471234245069354,-83.67453828755606,-123.9612697410139,-82.88867376935013,-79.22553629136564,44.102317857086746,-36.07274947164146,94.90216519570822,299.9900297179929,-103.22034554357924,-50.25275302102091
55,8.46668012322607,25.726164505608267,28.746900889524113,13.03013180177686,-42.49312357053759,-83.61585135255064,-76.04993375977938,-77.67559493770023,167.0956478310618,82.62020682173352,135.1939911700465,-61.75956399050891,-90.05770656624736,-209.92518838934575,-323.25168529689836,-150.3473321281599
56,9.693075710329595,27.980693278756917,19.25486509781149,-20.803083071132733,-67.5427863150444,-81.09624487507153,-35.24568943501072,55.22350991640269,260.9700691515918,112.79723778000334,-53.90113875358293,33.32966888076953,-260.1405604264364,-73.08926848749479,-34.366582329974335,86.24591404337116
57,10.855470274721029,27.512993869049296,5.814379965066109,-49.801293997582434,-73.44462698923235,-23.48011036538992,46.90253163538364,114.30464988390304,-4.454705344502145,-96.81443565519294,-168.0703455531184,57.90945907615472,179.98919085207672,261.01403494879924,103.79188257417627,29.73554372725266
58,12.087133404152155,22.03824348561966,-10.061490227757531,-59.6386522415728,-50.454334487707,44.31879561262576,103.70034753278742,15.921852475557898,-119.99907804025861,-214.81145127409945,-20.490835475735366,-10.963807571888083,522.8059754149908,51.5715411678043,-120.0346651173295,-92.62548637915461
59,12.47937158493005,17.212518606861977,-24.38301904300988,-57.12393602938437,-3.6094692286978898,72.58800810612502,74.98514505707863,-72.2672065235929,-95.13909276915365,-51.2638178225734,131.63410550491608,71.34243715831565,21.613567336862616,-193.04719831345687,-108.51521600365777,215.52651873500145
60,13.087951315892042,11.376062802443812,-34.469761377197756,-35.95988738876076,45.870073213590786,74.68481699602853,-19.62116505207814,-125.49633112461379,-90.0165127243381,91.80062088006162,108.73806607600272,62.96939390625084,-340.9986142193011,-75.9892341223183,170.21251367644982,171.6794338001564
61,13.398345278466422,2.7218582667983355,-40.99398040016786,-19.703691475112464,74.42577722613487,45.3281829327243,-91.351828822877,-61.65293803094937,107.62825639005314,54.65504149477238,-134.4949766606769,-42.89955718646365,24.595517074896634,146.64457037899092,-21.34111590883549,-316.76795673374363
62,13.217001150406759,-3.667611901358214,-43.47270330918673,7.892304300840806,72.39596241116988,-27.72396174633377,-94.0031342796974,154.37973068239444,117.44267252806094,-81.40636513193385,-216.84958368168736,54.748446867530674,106.34915143371472,-80.16969105191652,-182.90919627107178,-26.00433930017607
63,13.677502986313357,-10.21604829090029,-36.386564001365514,36.13538389034511,40.055427826973755,-92.72250403615453,-59.21993813703375,294.84630634921814,-35.530887481530954,-199.81723063307436,43.50273185197511,-6.41881653275027,-113.7052139554471,-193.0920516511751,218.1595939316685,94.84890706185979
64,12.638669321550879,-16.948025154330026,-23.721882759004984,42.99927984832857,4.878841685600946,-89.32606618465525,43.65025657637307,175.17499974498605,-80.35609440788903,-73.89587011180993,168.06777822358345,-27.754171462941258,-99.20054262236226,116.88840145966537,297.94385394294113,-332.27005022212325
65,11.158685326163322,-21.529488363014025,-14.022613397717578,55.536828516039805,-31.412482691427158,-48.74037228837915,96.43192311637904,-82.64919612146332,-92.38714599080413,179.1220544490152,17.592188590726437,84.45395302568227,46.629936813267705,79.0525953476124,-138.6378884361402,3.618321212452429
66,10.608594287964934,-26.373251019850613,1.4283011267070833,48.160189257817365,-59.047630418251174,13.966842863622333,40.34266593184657,-136.68028144999698,-7.372674491864018,132.17290875815524,-138.5679092770879,-83.41357748404562,94.59189359426091,-175.23095177510982,-53.22052663549948,75.81135568522586
67,9.989141204248881,-29.03844079940791,19.00648281879421,22.444759076990067,-56.76171570466204,73.63720184038903,0.6116517811096855,-77.02893843040874,76.6260609920646,-104.61967008147258,-24.269959865439887,-58.475048193361545,-137.6431307582243,158.24464711185374,100.5742229084517,-300.45038129330715
68,9.083716353190084,-29.66163680936006,28.919779372673474,-1.8748844264159743,-40.770449403361,90.45111242579333,-74.92808177166808,-16.159318597026868,37.0018091039783,-154.0861372470681,234.5350131210398,73.29811914537504,-135.62349827293656,517.7427015560479,-177.58977977422182,3.36889088891985
69,7.485636881782739,-28.206789502627544,37.617356794698935,-31.672495502074526,-9.025837486589808,64.19035804857322,-121.56615881975085,115.17415536674889,-66.54322571180819,-31.36474283199641,129.63239294496452,-4.125707349869117,125.14934248556528,79.30236271417414,-49.22968113636489,259.56124351775725
70,6.016545887380744,-24.513203878587774,42.39489354246143,-52.3648935751844,38.08333586879644,-7.312539907318751,-15.022758199283999,96.3636297809935,-130.239823673488,100.5184343159599,-138.8853704807334,-34.927771552420836,28.981942375408835,-201.86501272824637,69.69455194340298,-154.2721877698532
71,4.25075607306735,-22.676164958895242,36.82951184198919,-58.45282377512376,72.27366878134944,-65.9472519223309,136.0079780967244,-8.623465542837948,-62.07089385069776,79.16915662191423,-134.83365360607058,-86.95370370642331,-209.52554274698923,128.26627343408109,-210.3675411979748,-179.19885617438922
72,2.466184433969829,-16.59211022153795,26.17059235489978,-47.177664654461296,68.90373930956457,-82.51615766953,169.40373519490095,-78.11579227206312,94.59257813647855,-86.4966834851075,21.158753137820895,-52.69012309645041,-146.15828076100297,123.61077755076758,-267.69074076092875,167.09906099880027
73,1.0940826800633658,-7.819314018615842,16.1630307677151,-31.357257486546132,42.59096108073982,-49.65545174401905,62.118068016112375,-123.75066028513902,142.92037868259285,-132.98758704659485,114.13164866482111,31.202598927500276,104.80200211910415,-204.82858885422502,159.7860686611948,-185.7008048284115
74,-0.9454172564992405,-2.4735004542899333,1.6311427138671206,-4.052422591334562,4.87452997870605,3.820595505100755,-7.814166596825089,-31.425325013238762,19.22758348796924,51.6346210047559,-20.171929704589274,-50.389550730299106,37.465501362377836,-84.41073997315607,221.2888469633035,-57.10734603691526
75,-2.6857859460869804,4.819638552142351,-15.159000564556663,25.98914319125788,-37.27148425975338,34.9402211527422,-48.95957212441863,101.27127275347812,-104.0938077049068,347.4019796855064,-175.42648468867628,-94.35515638585002,-222.41888636616932,203.3444633827894,-238.45050888504556,577.92281471366
76,-4.373025258362759,11.445939048971923,-27.379736150362987,36.37159657222355,-57.35939974652774,71.46600425810084,-105.12460609185655,123.04527062757188,-106.3850964567755,322.9928317101312,-96.08197843329981,-48.366731352546594,63.778124165059126,-9.926014201618727,-12.68286078507117,90.61945300558
77,-6.195103642938193,16.443367082649274,-35.46204887797467,50.34612796963438,-67.04377380933647,66.58335505605737,-67.53275189626584,16.414172767708806,4.3171659503204864,-49.620091305443566,71.34232591832915,2.43446244952338,500.6255462065237,-151.1971765405924,176.46735149599044,-245.34527591210644
78,-7.564263022291016,20.98707740631926,-38.83978653777103,50.920338657664615,-53.743488759215325,12.557266520775556,27.53219425698626,-81.53274358322597,132.21001516879915,-174.99380052992274,111.60702057416347,2.3068087092219685,179.34044522079785,63.09082589129957,-154.11495649155222,119.67252043557528
79,-9.179480888131366,24.867367523084795,-40.34786778532089,30.75120585325567,-2.585603979825919,-42.449316363251455,83.60994438533089,-77.72112402313724,104.80397803478263,-64.83287478901366,-65.51566745272066,30.036891743488923,-234.86416057936003,40.469735501201285,33.16999609456434,-127.31194580195734
80,-10.827276406871533,29.91586309266677,-35.23845952949796,7.698676471170984,34.41446108027867,-84.96211891283747,47.74404319943278,-40.3708466677308,-69.86330261646435,41.078047026716376,-156.29856534265127,154.162361143,11.761560016042495,-198.66959202610906,331.52306136771585,-200.3438005714852
81,-11.77813348662221,28.470188725238586,-22.840415225550714,-19.8773035015829,52.33984178603214,-71.86516070010748,1.9379957253186149,38.65314684729674,-164.09050581946576,73.45404372469056,12.725878893768822,47.679909417910494,207.10894494868262,-194.4837459634473,-0.97604252083147,198.73235516804561
82,-12.428840814113755,23.726649168280346,-7.906093465330741,-39.09116844343043,60.20771394519443,-18.83162365649241,-59.168557559540204,110.64695251399462,-35.91320871089192,-44.03438186425046,152.65854571331874,-58.17787022088487,-47.67724165488471,136.58456354293958,-312.9782275155703,36.76624647257995
83,-13.633173125073881,22.623140472553132,9.455411014379933,-47.00032974775695,38.25532500317058,35.280763434565415,-137.7356634470707,61.11863382090087,124.84527787839397,-113.11657895909957,70.74174077182397,28.94554804599784,-199.67395587191277,43.12478332615228,68.04903278444726,-218.07736118547473
84,-14.39666700496673,17.377135188052307,24.896799492302307,-48.08405654911485,4.181700893684592,74.33191539845939,-91.77001881573233,-71.56422811267475,81.82181627618411,-35.974693378200755,-117.7878457306324,-15.224886830962532,47.815995758726785,-240.06710420214858,55.89296615400963,31.41316155889217
85,-14.586234270554087,9.80239389437611,37.02834903002895,-37.472939711019535,-39.825201496480986,62.160948615372945,6.447537591673608,-120.04957091491087,-4.919253239258978,91.73132991991952,-87.94955098030914,-18.219743301739527,161.236176535509,136.76925363242026,-331.2257912474179,-26.321478015837783
86,-15.131921704236447,4.198718205033401,42.08349946237195,-16.68824651276873,-75.2463362790013,23.902267363976534,57.558964662777726,-60.238517408721236,-69.23067041120157,88.99477823041161,65.27424524158778,19.962389464327316,-152.9138753978914,394.5508820445639,58.134927624150805,-279.49012523119745
87,-14.999393183663415,-3.549419126217799,42.049884305275555,9.361766029776845,-71.87597562494466,-25.499000121924837,64.85563807813014,6.808257217890059,-108.58456463737093,-92.6683229722621,126.87464367748544,-53.959166369288596,-236.9197451014261,29.055399614913767,220.2904007500838,71.93283549731132
88,-14.701720974514501,-11.23084288723112,37.97402577454886,38.1485054755135,-44.68511205334562,-86.71889662308968,28.693097406961897,60.3931033617082,7.322173914264567,-177.7507635543734,25.588953093410964,-79.68499042680969,32.98971562660881,-176.46059366649206,-238.64532898215293,136.3389012875632
89,-14.447778841802574,-16.845837349939757,25.40884482479305,56.075766149645915,-1.66911644022548,-92.61611275197902,-53.56007386161946,47.041582837395254,98.86045933001515,-18.82790962839863,-210.10320846845207,16.515599634539285,58.856501555332216,81.97975785683775,-223.25549723886252,-148.89519873016252
90,-13.248989093089222,-22.353075344995887,12.294754685760381,53.60038278353659,36.63280114663348,-50.117516112524754,-123.1141560752585,-31.41450650756815,55.45093153151538,122.05819106434865,-22.109652059396467,55.9030977595512,-119.49914433119557,79.67012230785986,103.66942679373824,266.0100153749154
91,-12.647227231809666,-27.610399292808324,-3.4494846888692337,40.29793604850374,57.810055804751755,15.025200535004842,-86.8823403281931,-123.73908759942424,-40.19921452572453,62.121377050829324,196.24751132155143,-59.00648712197062,-114.73508126456727,-179.74485587948038,-65.10466825590993,508.3972628073316
92,-11.637278877296012,-28.926550267488892,-20.51608665558888,22.752124195778833,61.88915414140183,84.04105002014694,7.59769178393617,-118.50008688198432,-128.7937388642422,-77.89067203766535,-30.46577473364232,-80.25333921839865,105.93241985653731,3.3997635722207633,-245.0181847345866,-118.75636873423355
93,-9.792001786386209,-28.02833706371257,-30.23216270557168,-5.690697844728675,35.70188448951649,101.41137721424457,81.71242596815136,97.62787268957618,-111.63258691317242,-142.45378679564965,-145.74952467846742,-0.05708178096665506,148.8201306200499,197.95142521771413,139.0792858288205,-185.80663608132454
94,-8.962913320891857,-28.54359694202867,-38.605506790222535,-34.11216466297992,2.2230659389065295,64.29706922619698,107.30976896807988,264.9197882203225,33.19342063696968,1.1807825565738312,-130.91114327370815,-12.96293512292823,-186.14276818583312,-127.76719704361494,233.911533313978,138.2696686552008
95,-7.56714066231325,-24.167325568343585,-44.63364976626144,-46.218009595351305,-33.786021408413035,-4.399062052036243,50.460492360529315,160.26224080731845,105.61581220626977,131.01882589351226,44.22763386094448,-9.558148896972853,-84.70122902953881,-287.70152549497107,-102.9667900511322,-242.7766690085773
96,-5.826647881154713,-19.605675527457606,-41.191375463984514,-54.42313013326384,-72.55523667612624,-51.48646901975917,-49.00022296818497,-44.59393922676827,21.369034411371103,41.350805058391416,153.958757913937,16.39554818887018,469.1090636854351,43.08755714517065,148.10191461137038,-223.3647643745062
97,-4.405195804382856,-15.413961649333032,-30.30167462207646,-57.6640489986803,-70.769376416677,-74.43726117525512,-102.12736455987033,-115.98771940169172,-62.77543164362942,-81.99154686087422,-48.016384981187,-45.637257040015356,277.1579868228655,51.18725238602201,415.01805047191556,154.855426106471
98,-2.501012619202811,-6.734300165835521,-20.148464012352633,-34.42454175125158,-36.73004049386509,-75.75381034156271,-96.62055167693325,-84.37218372837742,-122.2861285934996,-139.05908973855912,-120.74654121041021,-40.640203741689675,-271.8606653840179,-217.98799526719813,-102.04042773616311,-80.40504878759384
99,-0.7000197116094569,-1.836615458563756,-3.893666265375032,0.7517164217892969,-5.537048024474188,-11.566468474940848,-24.65937818146631,-44.607210531368764,-56.987707588199555,11.329130307050946,-19.123150933268334,112.06392444097492,-102.42815387160954,-119.40978746676774,-167.4634823046963,-70.03044456697535
100,1.0546121340057653,4.566082216352697,13.93091682423983,25.144695588516697,28.849157129849573,48.48780286619876,60.66860671552422,67.16468847744545,113.25932216050933,273.8176706247723,99.14063449667083,219.6589399810632,184.54731632755283,163.4357207518824,153.0873019867813,251.55860044223664
101,2.770986397929846,13.047907853841934,23.382745683919893,51.17906897347666,60.75994375661185,71.81425205128653,89.34373413085996,110.50525597891829,102.03513293063588,239.8733485527482,41.2475372441404,115.56510957716273,-32.06825595290138,10.085240222446373,-130.24317925995092,-144.92441058706027
102,4.481126152820252,17.72955569338228,37.45451369355578,63.70539800612278,67.1544819024366,74.67519280595116,69.37103451284929,16.94153423683747,-62.41447109030196,-7.529677287529921,-117.4677174984754,-27.63815064512255,-183.0682589788703,-294.0138604456388,-150.08342729128708,-298.4200262258819
103,6.341813295443899,23.099319686521085,45.29931489305909,46.66501987361244,42.00455078247114,15.430240192032215,-27.493809052743018,-98.68993578405934,-135.11735268847042,-148.36202340786258,-98.99281403382702,-28.33901044984077,-24.711177231292822,138.07088798032237,178.94744473556784,275.8932322937544
104,7.963000436706352,27.66291633907167,41.109052928716665,30.599159444025645,1.0995507544366774,-44.5948664969892,-122.43195967595966,-148.06065962192224,-59.86085822162204,-78.4524385332661,31.789787686808268,-19.498671718037258,96.59593913106073,305.5983956125947,69.79126288348925,73.88760180299869
105,9.010327765354305,27.87784938794357,34.908085625152125,13.44449167615494,-41.26946577557146,-71.50687715613822,-126.17786361875187,-42.12998389166751,35.197157666148996,77.87040896219332,109.87914602477758,-36.94190014936112,-52.93490174254839,-263.63381134941665,-185.98817843598772,-123.06285975817445
106,9.888197379233134,25.57748180557246,23.295120367637537,-17.376751805162712,-64.16106453105658,-79.0954956877431,2.1337564166387892,59.056878899195,75.05439083257079,81.44607842885307,-67.27096634375084,-5.92258913668411,-189.17620674135105,-174.17639357068583,-51.35592709747107,464.2104488779805
107,10.985201212210995,24.14618989396331,7.062726817694056,-36.61822002032113,-53.597680544578,-23.00577137772052,141.26494822066888,84.3824439753298,73.43945243019698,-46.80523018149324,-211.10437932275818,5.143910622547082,48.58911242956674,165.4076232378302,134.62852975365968,154.20338440804335
108,11.90579265971428,21.90483591620432,-9.31555988569562,-48.97004286081619,-41.37528272256077,43.94579192581659,90.72899553872412,46.537163454115216,-41.464597420956125,-139.3811169371511,-35.80519951301176,2.561791175000508,186.83244662483048,-65.79294203928839,-115.04602315763441,-381.1494768425255
109,12.557245716582656,17.019392587043512,-23.583652489541237,-60.89844598976606,-9.641318427024544,87.87368222542318,36.912923362251604,-84.00988200829306,-187.97341033710472,-58.006750218817615,251.6057441507328,17.175428960023964,-121.24585357239994,-202.5173301104096,-160.0981348771047,146.33119341169368
110,12.617126379555884,10.366816102011398,-37.90268458864648,-42.86837965858149,43.987170866180804,90.09555038996223,-1.1165325730034965,-158.78650618209213,-81.50404245787286,123.50515295365403,336.6987399871741,-58.93365672418713,-250.6803937227378,-38.79547402807657,155.32926774318548,200.9847348186304
111,13.048188188258791,3.8461879162805417,-45.32123990373384,-12.64388067563732,58.704206065796825,25.31932587644951,-103.2447347538473,-103.51052113710466,88.87586743025895,114.21670238956358,-76.8619731554918,-74.6378975179041,47.27162451815093,74.07229333317446,-11.780773028136537,-209.9311011868558
112,13.496188711469586,-2.8983139756292076,-43.8134314854824,7.71957674978421,62.29033267129262,-31.6976459057405,-86.88237983545696,22.39605241393292,53.969015851642325,-83.89393918063797,-266.0815829681087,-27.83992523262532,90.19890404122998,-101.71798752126415,-184.8456910921468,130.6626534791867
113,12.87351511228735,-11.11305705461291,-40.23001669215682,34.64552655202897,60.80182817491732,-71.98481264428665,-23.060058467977797,80.26677716504491,-17.357112030735152,-175.07114782495046,60.096124180478,-85.874189658266,-132.95268651109654,-242.2966337332109,341.3695562196326,158.20159766534198
114,13.14601290320843,-17.0035980522498,-27.006449895849983,57.846889417839975,9.723350866558121,-90.6987149620436,28.280800778586126,47.107014610111946,-104.31825112470324,-37.364094332271634,139.2274335129896,-35.60259155413314,-77.30361577995063,105.20123002368928,284.4713493250456,-301.73402450978756
115,12.531164019159405,-21.290662417745807,-10.081803284756461,56.35388775511592,-41.204225417078305,-60.03703706032866,91.40228294895496,-31.728391185119108,-111.48716026676993,102.90174842062333,13.786155692794637,-14.6861016715593,255.47636782216432,114.88211893848165,-313.70568106631254,-26.931181524894782
116,10.834135548743689,-25.392060842780666,0.9202009728396661,39.155780905851316,-67.65258509691512,10.260845530654478,76.48630350089661,-103.23162315847003,5.315044275954278,55.059995119787345,-155.43099976840858,-67.08720918768631,275.61388293420896,-244.632493303714,-15.027837428271596,137.69553327950416
117,10.172771728752195,-27.920904929951575,17.8262551361031,26.578736906298673,-80.55716605449243,66.58088652210063,-5.253528574125085,-61.92856052431307,101.6338977546111,-89.7554958566252,-105.43092802358478,6.882293319812561,-233.84420722952927,-2.0024301414650836,108.10992174690182,-227.6800805603707
118,8.945913197101618,-30.258585782580667,35.72423207088195,-0.5453470821307747,-44.74023441418467,71.21725326092019,-86.90666559639067,2.2720082387168077,106.47062915069182,-155.0982809274683,121.96058962662028,-4.170625205098986,-235.63853408113937,323.67677163918233,-319.6310285362579,-19.622829524814733
119,7.939717910562649,-27.686400125452565,41.45058982872524,-34.123538429282235,0.14598017879097824,66.04578395123644,-113.79758112849231,53.20855147521797,-68.94738712433536,-40.11546397786151,43.98608507917561,-32.59486131079575,187.4978189796093,22.78704655236652,-153.37537545703708,156.64566083111276
120,6.558425375294064,-22.685069999921325,43.36500028339651,-46.33982443206105,37.01869222099958,-0.6907309144917235,-61.28459134216246,77.49535128012212,-157.66734682016977,93.97426289523355,-113.15508679882987,112.72154032228855,48.48584433970973,-245.40997824973238,141.41030634031904,-127.18661874793179
121,4.6058447770165,-21.25918039539647,42.1367392640941,-62.07829955783063,71.56508755843561,-80.38720768613166,35.22773215814232,-8.793852172377228,-59.467285812326736,51.01577054397785,-179.34695861918408,259.56472841986897,-182.67566024771077,153.42464281736102,-88.8561067493747,3.5730219205725007
122,3.187532946030842,-15.427048353671125,29.00007939428997,-62.94343130630705,67.20355635958504,-91.07563215083064,106.75171124265034,-109.22654934512684,73.37325991782564,-70.81544245182522,-43.10364523379758,123.47889528137466,-75.41875926591456,196.62558249727954,-268.32545020145244,286.88587924512103
123,1.1574936031993275,-7.822286777927729,15.353634237139886,-34.02638267246493,53.97007852563365,-79.08442814313275,95.09882256849232,-97.41171949834825,156.83030017695637,-98.4130819805032,117.58046245175683,-54.79278743576879,160.42453922935238,-247.07642255742394,45.95686671677868,-136.74788803016418
124,-0.5595711362875591,-1.8039175250287371,2.9984469060091214,-3.3045014859876574,10.811318235834278,-11.762829644263547,-1.4157860236155102,56.66686571323953,23.680969443765207,44.00895720261906,-12.44140309978684,-10.493704633222478,121.036445878417,-76.5534610811701,39.54583519420021,-296.9135903196584
125,-2.2423995191566064,6.001496337949902,-14.577323514546151,27.206566057335294,-40.64708557166023,50.293415872814876,-83.58131993508869,248.30124576122034,-143.35037121277128,256.6804638782669,-129.3425891484112,-73.98937675897741,-166.90560428758909,216.77939662239805,-222.56043568852283,201.70752773317508
126,-4.27283004601486,11.999560199621556,-28.715192559131538,51.24783251964345,-61.78242346605339,74.8157790404075,-83.8430666502245,221.58850086406892,-137.42117953401248,243.90977839993138,-77.69082158461424,-103.41423282398046,-68.86843810706341,59.621242808578245,44.14096907812245,-158.4089579516003
127,-5.907746841672633,17.07857686373609,-41.87807899574091,55.52055420862098,-82.52498728462888,81.96027025084368,-53.028885260093375,-13.71760518647352,-16.227287277335563,-46.39385077809129,83.68046179509292,0.09758755137409025,93.90997405922099,-161.3421100122705,264.8743163667525,-297.68806108452554
128,-7.368729360572615,21.73667152197322,-48.684966361439365,49.44071317673752,-45.7498125662496,10.091676885011111,10.563351750577567,-102.22455130083108,97.83826262328876,-190.5800171032388,139.25611652066436,-45.11880238759204,-42.33599873523053,57.15124470752926,-102.44690519432311,246.73589657330012
129,-8.739685217342412,26.566566447381774,-45.053248555295795,43.1190402042057,7.419640180803981,-56.61237264986812,99.91232591354492,-97.10869271813863,92.51387821062599,-20.783534731395775,-55.2984664694668,-22.415053714013993,-149.80331459445006,226.14107986133604,-138.36081312369083,-94.88850745493255
130,-10.29134260002047,29.546547073134207,-34.47198482912063,13.281877798718142,31.742853663384267,-88.5135181405185,99.10174512497906,-93.63842103059142,-47.420043263438856,132.8578309782606,-171.23731867760762,20.80908455284043,-26.339761971888947,-143.29445675998795,322.75402557734446,-191.31980726170877
131,-11.568597726078224,27.39815529358293,-18.400339190081468,-22.55451577464055,62.38211399469901,-90.5073609686624,3.5656683237248217,48.74201018939493,-172.35429169242707,116.47338021519681,79.75419213937494,-13.743859286995757,168.8774485974718,-139.96952430014971,-121.4117095034112,271.7870532559027
132,-12.717644739394018,24.343299767537246,-7.767555917291247,-40.29761986326503,63.79331815801925,-18.741229534141894,-59.38153991440049,99.18713768523594,-82.42179225666041,-54.8632359471012,420.1642802564884,39.76061524753095,-43.056845493178116,109.16945413703979,-362.1309766273298,-28.837757585773943
133,-13.545382131444967,21.408250782234063,6.545759356637973,-56.030546820472864,42.50090492358095,29.616835590006303,-91.03145551907073,23.6758237828617,63.94466335405741,-175.42652934499347,237.3752817180466,-21.787083589667418,-195.25200748593488,-59.19146153652582,327.30012848156184,-335.69045520795044
134,-13.615229299508428,17.31227875770037,24.533289194700046,-55.89840089366817,3.8970178472877706,62.017735968682246,-88.84082224992744,-56.58199755848909,156.12157304345055,-31.618404051914695,-153.24001532232978,-59.87748795322932,225.12539889407344,-169.2135456405158,143.08384319699417,315.27130888888496
135,-13.896249758614431,11.68237010993198,33.30589429558586,-41.70951933593233,-36.80259989038723,85.25557449218832,2.647373046653229,-116.6252909449031,159.16031560459305,122.79799939706572,-89.79965350895782,-13.183767580038875,362.85634203473455,173.0105512544942,-271.9946078958492,514.8356558640371
136,-14.259189276243887,4.055725144980897,36.451931829849855,-16.004075432702393,-50.52004600507735,28.23417185173639,81.83048523420439,-51.6853184685242,-106.33405044578467,95.54460861121333,89.40828726315794,-64.00774295851897,-169.87774279912992,412.5814240731561,19.88614563376632,-186.84521882928675
137,-14.517090826304411,-3.462356193964297,39.956790143646685,12.468388559983396,-53.30052151618838,-26.475062107849226,82.44810363266151,21.16542141278478,-220.96908152853575,-77.71561928402662,95.91303476583107,-36.99873314258639,-297.48087797717017,-52.95415720812707,181.1275178802871,105.87660625694843
138,-14.252199505282078,-9.657217019664131,37.919252718731514,36.40409357253748,-39.50277140631806,-54.52679030409672,20.184656700555934,83.22101823102275,19.838482921841205,-210.3648928855182,-75.89421906051302,-35.535507937940565,140.6178340819024,-225.51088709348733,-125.52417543047068,340.17239886525203
139,-13.289298465261709,-16.005953736088486,24.409254181199685,62.13444534713199,-5.810023201383501,-67.362027730931,-59.05186568971112,87.47985250898637,130.66889697519218,-88.51753272981296,-218.53883547026908,-27.376574519318638,121.18052656661894,154.44809910140611,-140.23901180562643,-278.5374093169812
140,-13.116807897083163,-22.34382577316228,12.825492529324947,56.328482355634605,40.372965114369435,-35.05012299254486,-107.88237288816163,-50.31987233948166,84.74070015966754,106.96163518242975,2.5495040043815607,46.158929138433905,-144.5542376354133,8.048815308286066,236.04271880011402,86.11594910628628
141,-12.752397625608864,-26.36422511985893,-2.5475879319337764,35.2910422091486,66.45132196208851,12.57414972794686,-97.92276386461162,-139.14130193287565,-38.68729235965657,82.58041394138854,190.76933055123027,94.6888457751079,-126.9211875225883,-227.9532061434511,37.82571689920587,251.57816084608203
142,-11.207445644879954,-28.066259266242014,-22.27518541532754,22.52330838895068,60.153002401282265,72.49353258386691,4.77696928934165,-123.3014738019483,-171.8428620662453,-132.04390240414068,81.7983364644333,107.62024801657299,60.43102914080373,-15.342350772187274,-186.5375259882585,-270.279700481522
143,-10.216887160790066,-29.243757775176164,-33.86837289179857,-2.622490305201609,44.253353148558745,94.32389425475776,69.90865219166153,-15.914392293991114,-100.01160871189495,-200.34169831458712,-115.00487215007433,-19.912941088347907,66.09236807354318,162.9964081903363,265.320059837044,54.849629887306946
144,-9.001695093382295,-28.092171456597498,-40.611687853132025,-31.168607867148694,6.350947387662927,46.76917379828592,65.91887939330627,83.22765432540473,60.66494267260532,-21.59655423998629,-138.4673637167043,8.74119278721173,-150.07998104434228,-49.20074630892486,403.79648776524664,261.83336794040224
145,-6.958511420431023,-23.23724495422175,-38.60195047443449,-51.43497807284666,-42.995928513203125,-3.637645894075831,47.37008851133578,67.34608008819487,129.5979990669348,98.70191914465977,72.5369071429277,7.420565069406621,-63.083194393024314,-218.69903988862097,-121.73687938039257,-182.49781716844882
146,-5.62936173664275,-18.93121702935059,-35.02927206027471,-64.42258688472339,-66.02336405814731,-70.13997920647671,-52.52469634236331,-3.8484162688910146,41.642199692261784,33.04593491543346,123.6775756108018,-121.57050891190511,99.93575341925316,27.110212012452394,-59.30991897237618,-97.87608249795449
147,-4.059286812662322,-14.906389075558764,-31.1841165471169,-55.35252087563913,-63.83251114400991,-108.42962796808933,-128.01628807493398,-124.51326575772691,-69.62520045691781,-109.53942958153493,-75.85549831766002,6.348938469673158,-37.02124436448503,39.53374662406168,214.46241394269964,151.32327040840755
148,-2.150778239326428,-8.053101823913494,-18.687543344471123,-28.092346446029296,-51.21709581531104,-61.957925271030035,-100.36985243760864,-146.1069613781292,-89.97279053483908,-190.44512243300414,-186.12818421707289,50.4936633394168,-201.3243993215874,-217.6885437860583,-183.93680861306893,-206.0222878849454
149,-0.4827824116036936,-1.0340514646650263,-1.81323824761148,-6.194317303352818,-10.59854067189599,-10.570630980380884,-28.787095900908753,-24.291177759056154,-39.06251412838901,30.343678996890958,-37.274875362956664,-1.2189950019042044,-100.33182390550792,-129.7091332142445,-8.86659443204735,-61.85180114432296
150,1.3919197651066497,5.923728001414929,14.238767682867547,24.938738528898284,43.3320647456203,49.14303476298301,67.56773189124215,63.38555245666794,115.9334998927061,380.0820069663023,109.62133970868399,-55.54271563264683,176.73600481315225,152.25884271464383,293.51078985813183,578.0657183769072
151,2.959080345770417,13.085694131172204,28.84681797356825,48.86168761346835,69.1372350414772,101.20340722230867,103.57282421171112,76.31882210243202,159.0607483559197,303.41399061260745,21.51449455342936,-107.06033813702106,59.03969390607381,-6.653060352386092,-120.04649845665153,20.183158528918284
152,4.699019082996529,19.10137464414447,38.616336363962546,52.258292598711705,65.2917833987076,72.2338907477806,45.89304387279117,21.73377365389024,-33.46913247604061,-26.635506629070733,-130.36596759968324,13.696091994857852,-198.72780746560602,-240.16189459757334,-183.7328795402227,-446.68735239180387
153,6.417051431906657,23.048566498829132,40.89585134328263,57.29068067560206,36.77318169142973,5.835260517727875,-43.01441947048443,-87.6931160810127,-157.46000713970534,-112.21760942564288,-129.97004053392902,21.083124642874736,97.89361813929281,237.22417672954361,134.2411907609403,263.98721377506445
154,7.955618951226825,23.831896135407078,40.68047172948718,33.58658114490186,4.110665773333039,-41.69619961654462,-99.42419759603217,-152.72680320112704,-84.92078303382004,-33.350085793674225,190.24695925999367,-32.70931914456719,305.40605316645815,412.1207101386062,59.899911508087825,108.3774951420346
155,9.619419751834357,25.64922036160442,31.444178696896415,3.7716939412096053,-29.156226342741775,-82.86413109777641,-76.74264781572128,-20.929244746985205,38.07095316867344,54.84238031833229,426.4850495157825,6.4408041531307845,-121.7192802575737,-173.61363041460663,-297.2812427042063,-205.6072372255876
156,10.506898975541844,27.61877877340612,21.53058198029612,-15.834365942675277,-67.97381620649367,-97.55329333462396,-24.400719114637468,191.89184024346469,129.5342852274789,54.05854829859163,52.55700947659352,7.603242659515672,-293.68909236381296,-205.10172933142258,-140.8592930443374,222.73404695441423
157,11.491974073714118,25.978224467598466,9.916630511478616,-46.12848734015779,-77.38719805932942,-32.61134665989084,42.424691033753334,177.85745178510115,81.9969308056352,-87.58602884771244,-255.79577298436197,19.66944386264663,62.39385348415817,192.56850032821876,141.58204730473517,46.34208943940757
158,12.8431831978437,21.538239173918555,-12.33223071455177,-48.71175372484004,-48.19918890009285,45.804456864574604,101.88473487477313,22.985179040224466,-77.29585829385906,-185.77365202605142,-42.7710769681471,-23.419727444111004,131.97667054395424,-0.938287013505942,-169.2715537140266,-135.7197832827369
159,13.073973540514544,16.03662271459325,-24.766692113927093,-47.90976895131189,-5.064251383737883,86.59774993796418,62.14809695549775,-55.3982283472651,-132.8018966509767,-74.64454489095078,86.46270650611586,-2.7379080814291683,-81.96667566277029,-250.23706345752635,-62.73459219055076,114.9332005475153
160,13.294148943275559,11.62124375250869,-33.23430938854199,-47.93594927962977,40.17471084949284,83.57830543933414,-25.262425713015546,-113.32258161964273,-54.31454855328457,105.32209512759437,10.85762434454955,108.43391963315298,-135.26168525476533,91.72638095568345,498.2875609901439,57.01510692057491
161,13.963017782418774,4.191059058867722,-40.368539928200335,-16.27000044372994,77.88461784838273,23.772233807170778,-89.05193989979307,-102.8211816105977,203.04289236064278,70.5893200907667,-85.3853259733778,29.005841644735483,26.29403556243051,253.3703011432226,138.7445048413665,-203.24996047417517
162,13.543982401351059,-3.7273949308064402,-37.692799624342115,12.30921818780621,82.84080141037293,-29.166387424162167,-116.19014248261374,44.28353362894268,360.4815488091026,-95.55395718065847,-140.36527357271098,42.831780358815195,101.1335388400912,-110.78637966875704,-250.38902099173902,-7.584008598510991
163,12.807961399331816,-9.476853760899303,-35.32908646737451,32.802896706502224,49.991116044313,-82.91297757247958,-55.22684768982435,106.07338799806166,66.50454460224,-197.49754355545156,58.72315252613225,68.30068811961286,-126.27673307545774,-171.4158681139961,200.1391290723277,189.93324662087252
164,12.810825952765754,-16.45420504129106,-28.256709258314004,49.99934314303914,2.8057289016096547,-102.8993392068005,56.294677793783194,26.18822413435555,-152.94658298934496,-89.30783036989305,210.09167022687507,-34.25115143609682,-178.96049408224644,118.8497859429699,149.48451871530415,-152.87658500157704
165,12.50846415199021,-20.528869790387944,-12.210338663899165,56.007019917009075,-39.43782649029572,-43.35822304186513,110.56033548360574,-44.50356956063479,-111.83952006901427,111.32660752000083,-18.861496423990502,29.483654296010016,79.48575525959313,12.782180649398015,-204.23274866340762,148.295885170548
166,11.215367441053786,-24.663126754002406,2.3084744503130423,46.78931826972803,-66.3190776583574,18.35081419461494,83.21687103135628,-117.12625085239415,-8.05194459207246,48.466273220714356,-197.0403209923752,-43.85243946577857,99.42142026743386,-224.60306819217112,-0.6841017281331006,505.572391213791
167,10.350576082341831,-29.325834678458705,17.791665563683637,23.03224261708192,-67.80377956263374,70.74535088145785,-6.561184071324533,-112.6104089219516,134.80674666276263,-95.54294361541542,-64.6934439771394,-107.12598991588011,-146.91966988659988,-9.421053141282755,92.50786101651101,-212.41767713688023
168,9.473894347655914,-28.50805140218654,33.019458998688606,-3.2446826562197657,-49.12096518485578,98.98503881050237,-101.2328618784959,10.813643512083218,57.34594587606159,-113.734353112377,74.17293551527109,39.54011699453612,-146.83921377935621,256.161426635535,-186.3241913694601,-150.4988245616114
169,7.647079189801389,-27.435338425255395,35.446905560588675,-30.05708083746481,-11.087144793864354,67.87352978271883,-111.08802333253698,82.75106313764991,-72.34605763002071,-13.810780221923778,44.75964751780975,24.07405623872711,95.44851190816553,24.981600980778694,-101.13233017084167,334.33258428567206
170,6.473387384277885,-26.442966523273753,38.759057354827746,-50.83025929039036,37.85833772968954,-9.115092883816033,-40.7861222385618,66.70820206971985,-111.46997285661416,125.02354563355766,-86.11003390793121,-58.40963727604307,115.10230547291576,-148.68904521097738,278.6514463138283,-211.88888044128544
171,5.123946741643977,-20.647710204351824,40.45762102416302,-60.447359284479944,62.16423358543352,-74.6630121768012,30.72342163394933,-13.966573420999339,-69.30520612557109,52.54717460198299,-161.87908077112752,-24.16733598211755,-154.787628342252,234.67692569430164,-6.435297063040707,-166.17728539039672
172,3.0230667627233743,-14.519198007609702,27.4315244428808,-49.05218615355943,60.57082075399239,-91.37046070907672,75.522501495514,-108.95019809063524,67.98009773733258,-89.1313612825179,20.205471407723962,0.6615143228352167,-111.77720458066324,251.36944724399564,-303.3892555399525,177.35798599581176
173,1.445655271067153,-8.543354214424653,16.144055543748436,-25.7807799602233,39.853221769468746,-67.11603834893322,75.06524596157396,-109.7293919688891,88.90300687514741,-108.63328181442193,200.04769000795113,-51.89296692937239,288.32842360691575,-250.62880176836984,80.59589076113298,-197.0803545422532
174,-0.26265267676990334,-0.7986770969887402,2.7253878852288835,-3.326781691801898,2.0930123393050053,2.5996570914339827,12.879810534475837,-22.546176856434613,27.411606844846318,48.07765428026323,7.411921629573953,-73.19957516666727,77.00170380264171,-148.05925285213857,102.0438062608082,-196.67431954410858
175,-2.126689671762506,6.086656376353403,-14.811796358926586,23.948142108994944,-40.568377844316274,58.99597299326524,-66.13222370606672,62.02922380000382,-120.69295151939701,296.0565116031066,-181.8264235733668,-64.43182198403895,-260.90034461389587,202.32776434234938,-129.88141879982504,106.35158868042345
176,-3.8176951871337224,12.523774717982633,-25.720818681837045,47.92263248214226,-65.32725994382918,72.08283042758012,-130.17526024777908,91.18341206786863,-180.0229586817427,243.6776634635171,-9.858094981669637,-40.56552769662653,17.71967103019415,-73.92084046090145,176.68652769384062,-26.940270669176243
177,-5.505862159588105,17.171930759574025,-36.878294424313935,62.85755859432993,-58.41151877816628,64.8174597684856,-83.13868035292398,31.275243250296626,22.958698201903417,-25.482729611059767,306.4987531017996,31.56755906911303,110.23444238270167,-185.8111225249038,368.713496150629,-159.36024457516032
178,-6.832658373281447,21.159569711289805,-43.3845211544085,58.16728060950845,-44.51928098294729,25.573519312705685,44.24032555647864,-99.80681424357317,114.84544332583528,-169.29062546389468,276.2003426271863,43.159038849058334,-67.42391135510115,100.44128343834109,-41.041522232506395,148.90684333827812
179,-8.454571804280931,25.2994835753625,-39.59744331418369,37.52829413092013,-8.42093112385237,-49.17202501103475,84.58667952904216,-143.88152834917128,36.87286083326444,-87.4987526512923,-143.54547235733207,121.31401783847332,-184.70579329057364,65.99600390198248,-140.97625618550774,-58.866147868699045
180,-10.374094939722454,26.029283949847468,-33.985429166582435,8.404466570654336,41.66917011546229,-98.74497952714955,68.94050898906426,-54.76727808380383,-40.336880294938965,76.89901761996589,-200.34250434131854,234.6712973076801,-1.616802902368363,-150.22742204118776,146.79354721357413,-285.44907349436835
181,-11.543227947308878,27.6798667588655,-24.400222004390343,-21.36263995596687,71.53243813279414,-70.3061326287152,16.517281116444792,65.79367427363468,-119.14802348619924,61.53544226185477,54.9972847890167,40.89971203819459,213.7681561507925,-139.74812816015753,-144.53209295946908,499.2582670195843
182,-12.112684935906145,26.81399845895612,-8.169286422869845,-39.57815457062691,77.82051272560966,-20.526366637774117,-64.55551377991651,131.20932179583906,-71.35493908839317,-59.13226196823234,79.44248958515482,-62.555387296929894,-130.4991307050659,141.27877996297906,-300.8844918535924,360.8317338253255
183,-12.973300790085887,20.392822563983373,8.832694829909997,-53.08320337365899,39.5121287500624,36.089713313034736,-91.77806224804954,61.80702659176313,67.85408512020558,-171.2413028652736,-13.407643203908265,40.61577500028034,-260.36124610681145,47.60291664280459,152.87401639761993,-354.8698845293111
184,-13.719072224280353,17.442177023540808,22.611966877710984,-52.139926258947526,-1.5804365297931326,93.97818486742926,-57.06107541866368,-74.46647824873799,117.16712841655362,-105.42240857223078,-137.1410863088131,-29.7479133063257,111.46384797952487,-339.1463024913639,60.88391431190939,127.60851395250938
185,-13.831014626420256,11.863966478092607,32.998266836309085,-40.626614454846276,-33.180759467136795,95.11014916986005,16.6835758363668,-150.81265575052385,35.11442162791718,118.26724540441501,-96.93956446098855,-59.54606429179057,174.7027351702127,-61.82662981334437,-310.47863842923834,170.89485526527278
186,-14.478761799892709,3.534100942616078,41.85630819279322,-23.56511058087517,-77.69110073109914,45.45909016081623,84.68464932432835,-74.14535516977776,-98.85471982068793,90.3257755098457,117.77765321366132,-51.32275003647874,-139.28821865557984,269.4853556926007,-48.77545653682864,-280.91747819232114
187,-14.655104145476798,-1.861798991735668,41.19582840876501,10.369875052372777,-81.21193664525026,-23.367385497336727,81.54546347913129,153.92620655577048,-103.19676567488023,-90.50691794273735,154.6274975044862,-9.103758219275278,-189.288792596024,-105.43520189553283,150.75027427624445,105.45975413458655
188,-13.62482350508617,-9.77643801387103,33.55371778365861,38.71357165913935,-44.71974058746764,-66.64303057131929,11.665011538818362,216.4550513890572,70.50769862757261,-128.28104385242477,-37.26687924822909,24.536547735850945,115.97986036654038,-219.6976342173357,-150.12389223007813,211.94530495668005
189,-13.404481668652807,-16.675073955292646,25.809856498990484,55.77805433007177,-4.510616787658819,-78.3404338111659,-56.938448657485424,48.302567685335816,267.6380475664482,-27.666947316167352,-174.5064111733218,-31.303382523342407,207.06658146792324,242.7070427051044,-140.746801145282,-261.59276053299254
190,-13.472439856411256,-21.03090756728534,11.131618802792218,58.33062332173614,41.448518670702924,-57.84057687128279,-91.18191102384299,-56.144924289532355,256.7284997450415,139.17511882811232,-44.75263785737479,37.754033526050534,-16.162465965317097,123.31925117249511,135.4535190078077,-27.080463477424928
191,-12.341019349700218,-25.35135410471048,-3.709226785572355,34.808600431491755,75.51958502244588,14.962898041797416,-64.28421515086666,-135.62882870635804,40.11030935242252,128.34809744977974,120.17106876620119,46.53249338808837,-61.275305097791716,-241.84618122762367,-77.278867783014,254.05129957506142
192,-10.845313508951222,-29.36225601549222,-19.36936555824377,20.46586750294358,70.03882202120849,74.89798268371032,-4.220201747812098,-138.5794894830542,-140.94010058012645,-100.62585985029727,40.3007844331587,-39.87068861388434,238.60224453455885,21.529925365814506,-155.4964423854126,-176.29011876774894
193,-9.966957229979926,-30.45436267053401,-32.78627247757231,1.9899870068799146,42.70991770332512,82.05705661401771,51.28632882076636,26.302210856178135,-112.89999078734309,-171.01119711555657,-153.07867584693713,-64.38665210520503,161.1920953416411,194.8777115917037,402.13634214163176,-22.860437562063453
194,-8.817668522756321,-27.952625493297546,-36.82397285247407,-36.273259412558104,8.903825232509462,43.36680072968011,79.09964681703423,113.75918952916982,52.40207089907926,-12.736321840551682,-168.323843632661,-9.425849435032433,-231.26907328981906,-96.0549420119778,341.8687308999397,229.49195573673933
195,-7.229809817900787,-23.835608817787033,-43.64799146761288,-50.391882314224404,-37.13607423490521,-11.615571926012308,28.35696021304466,81.46764947790507,110.80017366124866,95.71439608149376,41.47373500690219,13.009201553994444,-100.37344169527933,-251.08678064133437,-281.3665767058046,-147.11492960125906
196,-5.708334716617173,-19.58510319567813,-41.509404388718394,-54.79108325252321,-71.32407483387988,-60.892715942808536,-41.46954179940076,-20.659938697754114,54.97186794073605,35.9122041194787,143.80902713531168,-73.35834030784736,99.23749974597013,132.7757767501107,-27.05160367112694,-0.9589917014818639
197,-3.97119623866638,-15.400071543489958,-26.96356144219044,-57.146780590702065,-70.65960046718146,-90.97525228136601,-84.02002483593242,-139.41886322019127,-86.37301267813473,-98.86635410223971,-66.73850427083971,-18.83718319671425,-30.079782243672526,224.1972250054887,190.60107879528732,298.07772883132566
198,-2.2183335233130492,-7.449849430709037,-15.852977366271261,-30.94881310049402,-41.04929750847941,-53.10236870498102,-79.06744012640411,-144.71981234741543,-172.37888289443617,-138.31157800632354,-195.4956879432525,51.80887002438976,-116.14722882576461,-247.8043659381483,-249.33140009189447,-93.71685199835338
199,-0.2052436862804825,-0.5265463079808796,-2.512232720419888,0.4960653127807291,-4.342637163476411,-3.965186446770531,-12.59092628009239,-27.560014574686647,-45.341549712577944,41.9047076265997,53.19242623738546,99.64443281106378,-57.29111915038084,-176.09606098093354,-105.72109679496862,-240.5669741864549
200,1.630319870530002,5.816374725925016,13.948453265268654,21.097975586000132,42.18316878157566,42.77634932737601,68.10054639119335,94.09929752830067,85.42728426731173,349.7957217576768,264.94436587069686,235.66356853781826,80.89192363840993,142.88033243408245,193.37545936885726,110.1910591438791
201,3.1565203152194954,13.971366899128952,27.226582229795895,42.666410068759376,79.97417837435273,81.41924752567957,122.36938997199468,84.1218501502226,105.69398654364704,314.4788747159837,70.21133459547536,153.03826585940305,14.717429502066807,-92.63904119951258,-17.598342188473907,-34.19076260586735
202,4.845358825343283,18.312522217690457,34.47486437695261,52.87657614308701,71.46084040831965,49.3852716686888,68.08164413506893,3.5541439358421485,-16.852910336300738,-40.978265432939224,-132.93996272491722,-25.043210944756538,-217.11366746970452,-267.69853511629117,-151.8049127897866,-120.6687797743507
203,6.423296100758762,22.826579976346693,40.4472787274226,49.6412761980885,39.470848226886574,10.949288773224907,-51.381490547573776,-75.89477991208696,-169.98950728610998,-177.390088649081,-111.23502007966817,-59.35537390753507,-93.84622490947368,150.11619118653653,106.53153415821362,181.32038421498146
204,8.205332903031376,28.52643294307859,42.4840942606088,41.72158632830117,5.109351505773702,-42.742880159402375,-116.7846385856974,-127.54499935884087,-118.22448045714827,-66.99277241927484,20.0325821842016,-31.774127272840815,183.25068659138924,344.3342073283111,169.74241645768052,-9.287260388606228
205,9.904956884931835,30.329171861520308,30.314052076846565,14.064564149937716,-37.303049087284535,-93.7437726429971,-116.50181942460767,-61.57283084101073,38.674487442855934,107.07706011641858,177.00747893631478,0.04338789573921531,11.12758926161041,-94.7109549469842,-157.01864110940005,-218.86348313186318
206,11.020741525896483,27.438522398151235,19.803931640783958,-23.338926743049704,-76.69920413985847,-64.82348116740559,-34.518991252509295,45.49267710649292,114.82188324664003,111.22305444865924,4.524895333306176,24.40875483898253,-209.4619531682256,-113.95060893002665,-38.22640460784896,146.85941692268534
207,11.792673741247654,23.657625138197318,8.664268211787203,-45.36587990158995,-77.9152556617596,-19.805259537992242,51.669504949459224,90.02859759858256,55.60923223735517,-102.42983722201461,-189.92426253254484,35.11261559338118,-19.099395002718666,187.6483318534065,189.27562547503476,113.08944400053588
208,12.360890463151918,21.93528378281235,-10.103550943065784,-54.11493743366492,-44.807634800267806,36.98492176577838,74.95886069036351,64.84156964697468,-99.72394354211701,-209.04357202487154,-30.639842356811187,-4.527306703440445,191.45659621586674,-55.215285827598564,-19.934623070232192,-269.19569814097486
209,12.760777180655168,18.293056830712885,-22.885787851068926,-53.413906862007565,-7.628816745772156,101.19705955453082,113.16222682683292,-38.69983899442013,-162.56512658539577,-83.04336314253305,93.15273425978648,3.1078345276334858,36.25151420201291,-221.11113422679955,37.030353042369825,291.9058944123535
210,13.524730613642078,11.060070091426269,-35.02408891196774,-38.77247988614121,39.43310261624083,91.27697954611813,59.43919733810617,-92.74034892616328,-49.162672334460694,92.634815719357,42.98987037105803,-7.456460283012802,-235.98545674263733,73.77427691715275,232.7561320579989,441.14155244668655
211,14.188570750072813,3.8827029833278175,-41.10711222909413,-15.744628761952896,77.25966709467934,30.834214894080105,-116.10669147253793,-51.35138300718245,95.40503523170719,84.36806454828184,-77.84674027841857,-42.97859689032907,50.67991819616873,232.7391952023354,-66.45864828496633,-298.76362850410806
212,13.524137250035437,-2.909218035568756,-43.23449963881649,11.111346846720664,77.304228398634,-22.23565682372555,-131.23183258747304,26.932058128339122,117.57786604022385,-99.96898462378158,-124.6614816767626,-45.5526186589118,228.02393232661416,-103.15178745967569,-175.2727519466971,25.84202193346573
213,13.416721851409648,-10.122232344449685,-41.6388539459067,36.674782848760856,46.667257542566404,-81.51126310060317,-21.21609814844851,103.20953916392318,-14.15787841166457,-217.71714544888528,37.63488258325913,-107.31344499296142,-170.15393710503122,-255.37597234137866,109.03128343739445,186.2772224866494
214,14.002593647799586,-15.51355029876845,-25.668235625365014,45.952971956147394,5.409907912565359,-99.70438666715927,36.956814440272865,38.78091006066825,-120.56154501287892,-60.96841036009573,165.49378355688134,-14.13117217694105,-136.11168055240705,129.0635265962701,-47.816880825452245,-274.3928356350516
215,13.026342008207848,-20.12692087342134,-12.261016119915439,53.005137049446944,-29.955873482052993,-36.2311294993151,85.49145639446215,-55.423059725500934,-67.60067451800569,119.50824785817531,-0.9457811861318532,56.79259687673277,92.31738180891261,95.953722379807,-263.6280884950975,122.48882242183026
216,12.007821085014939,-25.487914026870612,3.059380823894571,54.75613083946837,-54.631038681464815,12.809887481513215,70.90825297650008,-98.91470296069019,131.83233952637784,44.739116999408,-160.10702231842626,-44.45337571689265,54.31555798331101,-198.60864789387415,-6.804102126701764,189.99582006855053
217,10.85736345624332,-28.847790367096877,20.972375602857028,24.653315822764057,-64.49634229855224,57.60782593293334,-0.4101944676149287,-94.22541368866223,348.0244065198949,-86.81901264035696,-45.69735333539906,-24.89793428058647,-149.33564829117677,-43.89264592948166,134.20755969444144,-289.7405240528751
218,8.862673790314375,-28.319426614815256,30.873115402037456,-5.942945615675171,-46.19186030978608,101.65183818145124,-78.146271571728,101.28923968835443,202.51532762779425,-144.51603635345964,80.25636121275102,5.154499493305764,-225.18904379778542,168.5973395355286,-154.71342661827657,-163.14094645396108
219,7.758078238332473,-26.017202965527986,40.97090109126566,-27.900519351801222,-2.831005313584228,56.48913380991689,-112.92544714186079,184.9353613792846,-111.99550931289377,-25.936984446452698,99.8210753986009,-11.99211204565313,118.74621196971566,-98.28374633153362,-116.47481961179801,79.27022691436287
220,6.63583963638348,-23.94317404124945,40.46920249900677,-51.85917955128491,33.19665970093638,-9.003390228312128,-29.985037597019982,33.93697872960183,-133.48266400825742,112.51901646675833,-25.879975197106205,22.827118702675136,83.63362560978567,-245.77097337366286,257.93925903778654,-109.77623481551564
221,4.940471638792133,-19.701382174655237,34.431756550000955,-59.2735189021995,53.71326546677915,-50.04359939541246,42.48298178645928,-27.338680519951595,-61.78674386890452,17.39229945995612,-183.3539959464522,187.94918782189455,-270.87458709123894,303.9109564199898,49.35159566782386,-0.7138316623386345
222,3.438111585263414,-14.794559238024704,30.98890449219789,-54.353857075455835,56.53312362018346,-80.88105127382005,91.72975172558654,-78.13987249805723,56.41381351707241,-83.09102549061936,11.047454667754664,186.09426717271367,-110.5056750800286,327.7255289034292,-147.66371894068652,257.1884132133928
223,1.5595578992119954,-8.697997933157012,17.053094110613074,-32.10447474552734,34.621111430381006,-67.00830318426688,98.70036182335025,-121.86958903844425,119.95617743729599,-145.12165637410362,176.53528096398054,-43.60648621282934,195.0233868531359,-265.13872437314785,277.3435583328501,-107.0212129047577
224,-0.2902592375180575,-0.5159824515803848,1.4105305295529433,-3.2797737827082756,2.6924324066119425,-4.189078212447384,-16.57125093871582,-12.838832001616538,-25.374175546248807,-21.043570651301707,14.869957403710032,6.383269816961388,43.0797510262928,-152.30251946684075,339.2298206492669,55.88689624409744
225,-1.7970418922168392,5.198658467952555,-13.262131918192608,22.682880003187734,-33.23835296508855,52.408227629181965,-63.98554903816694,77.7825325046615,-77.14535585436715,277.8223852633746,-132.59684322462954,8.418962557024201,-234.64750271827506,192.06870713236276,-145.5110861678877,568.5209549900101
226,-3.639365477195497,11.739054337846483,-30.270261395093712,51.2499767146528,-61.04918458479847,80.069701127597,-69.6696521096892,98.13302712193399,-59.435741649731426,210.65981396572897,-99.4809583642409,-53.407316915866886,-77.3920131395862,-94.59932937284975,8.96994531636301,-73.64203580036701
227,-5.533493309311325,18.663408656830597,-38.76973367955679,62.9780920971798,-67.99624569424645,82.74731056925702,-83.67855512513779,30.222323893111025,-18.109759328805012,-63.94887572972948,147.42707805055989,59.12707609801919,254.0936413500167,-300.1098822749045,221.9632005254025,-410.0959028274083
228,-6.975557224078784,23.124273165516456,-42.557431173079294,55.52945190550008,-45.07995748506164,17.241814719951435,22.073622983371024,-96.93048978413572,101.25856771472172,-166.4124960282279,164.09507136617185,13.446727884160282,171.18569660009234,68.38925571027357,-298.17042637953637,207.52046381495893
229,-8.23364078220402,27.643819961595682,-46.10474530374631,34.263949995060784,-2.97023672238538,-41.32721517786376,90.95070625929657,-98.34397049921972,98.1774474498452,-56.639354916405864,-97.55348046612426,-55.99008574432719,-161.45731117622927,157.4309227452577,-153.23693471121442,6.341403143429488
230,-9.96487608326197,28.71187020001628,-36.65420918671998,11.538172255611016,34.5133142176835,-70.72468572644084,58.36392449418054,-32.05388772445076,-34.62733474446031,95.65001748217037,-125.49912227194045,-60.635933890496744,-8.016480378064443,-164.57316584430737,262.3784204716503,-267.5737575870444
231,-11.278274926627091,25.48212975116894,-21.025343460953536,-15.411625325713885,66.54854854591781,-94.1743696021058,16.814164649658778,60.70070929177018,-111.49528904125691,56.121418223039655,38.618682738708685,-12.827266119126307,200.2523526125733,-121.73022831465642,-84.48433648854916,160.73964932336094
232,-11.85485857810545,25.1465121716829,-9.462166751829955,-42.38157994165658,70.42455847349925,-29.923759576348857,-69.01372961758898,122.61787827193257,-61.97860184467572,-48.99495125874091,160.44524600067507,-2.539782050050235,-119.05142822249036,177.56122828109073,-154.69761613195624,-43.68137431127252
233,-13.200921938096599,23.612249089803925,9.08373214520816,-52.63124712514218,43.798245062407204,36.04465508058456,-133.82551456186047,33.7353614723761,56.025955772011,-136.832597566201,29.67130107145067,-45.8476330187259,-187.82541986477736,66.93010552018313,168.91035310773077,-275.9407319627062
234,-14.040086309758863,16.262988154212906,26.341305387495595,-52.750343836616366,7.625205512898901,65.57041243898584,-79.01076916926104,-48.89937282311075,136.69892972502203,-59.50760699759121,-206.40820658314806,-6.9208856791065045,70.03028308306239,-234.64817134387704,105.76772353285014,123.09895372787287
235,-13.946650739364031,11.330801471482857,35.70681699858005,-34.50508764015012,-33.821810001699305,87.88710832046218,24.307987432599475,-93.82749987932038,33.33720635940517,151.22929445940827,-129.78017217133674,-39.40870274052577,86.81405865581473,-11.994703297314118,-147.4412462169821,27.138197545034927
236,-14.170355652881426,5.162486365167069,40.48932639404302,-12.999639637191422,-66.53500330352881,31.38032849006231,91.27905119527713,-96.67009852601768,-114.07068109666125,127.69021198192058,58.13447727225139,-62.30412036038979,-154.81955816617847,178.35695738175127,-39.82671992426731,-275.5220385586508
237,-13.982395263419676,-3.676912228384481,41.85849792956469,7.244514440439389,-79.18471905480874,-29.893301058408724,114.16544673904718,32.77853040017362,-96.96197573993868,-82.29011212041951,54.49579386970072,-38.169074216798435,-234.4957417581245,-159.74376735519036,110.76913635852361,50.41585420173942
238,-14.11825884338441,-9.616769581753033,41.062607915541776,34.299003665520104,-52.797268584941776,-70.6145137291378,50.75128487568145,107.9519687131833,-18.013759902654783,-185.87997480066406,-44.92404044739942,-40.398864594817496,113.31238151675643,-159.9613339167845,-175.02194266301922,110.90703293516708
239,-13.7885696061021,-15.225119099128847,25.20463313052096,52.808014563966935,-3.582348624648148,-94.9261531901584,-61.00131200287433,59.065998598853184,108.05955502313373,-53.857713087272714,-118.94358578967513,-2.8564800873773493,189.1038768810613,347.5017124007136,-57.13454520541745,-239.8513084724691
240,-12.62307752486231,-19.76794990367,8.49542562374154,60.25916496354489,41.86673472448933,-37.16440480698202,-121.23949530060054,-44.23430346839814,125.08835452618678,155.7665339089799,3.772597550240789,13.489173440499144,-144.13690486503037,307.3472746489133,498.22685657531656,181.9227651706242
241,-12.587125120524433,-24.378492180937542,-0.2991508500103919,44.085128838659784,72.57093426583674,14.407028843816988,-100.46533651034406,-134.72925647551165,-76.00568428054339,133.96609699726105,286.46573893119967,130.1763149321896,-119.90252720375429,-190.89068652623246,183.16011000190338,384.3305560429144
242,-11.420186038242718,-26.97797272284072,-17.222663979353456,20.302182365412364,66.85770254245904,49.2219307113146,6.5698092207167065,-81.448782425221,-139.54703811148738,-96.76441665863968,287.5426759616248,158.21945778292502,79.73040953499003,-46.73847457262309,-229.00839769734375,-267.1359762043867
243,-9.543949743584562,-26.703433728959908,-33.62915687928489,-0.8223217941776966,46.884353883046515,88.72887991068274,77.55770849353576,21.111635022200062,-16.947931345550387,-176.16429323796183,-76.72902482153677,-72.73541215196747,21.780513269550283,194.9547138706912,79.84713952813763,-105.22364768541593
244,-8.671006674564978,-27.61950490319896,-40.90342385255417,-30.467865574217512,9.130275003589077,65.06236448305572,142.17149892055022,69.80769185219106,183.44522601783774,-29.1329948620114,-156.56412751915286,-7.362700810062961,-94.55552186828572,-60.278517654420284,-23.66416915048103,221.0217471468568
245,-6.946120044845429,-24.89267028381971,-41.58412425789902,-43.65744280308263,-41.28812873281504,-0.23747919251218264,190.47033717624436,75.58816444154581,285.9548053781373,97.5049580284176,82.76609530770111,23.153265669284337,-57.212916224358196,-154.14350434325024,-244.1750047039186,-162.1492806041133
246,-5.12586444436397,-19.58082541847375,-41.10835524987715,-44.4466842614047,-60.971920096023496,-52.77495997013557,3.210047065746039,-1.3319550922096823,40.58824810778606,69.15780330095731,110.48399961823543,-145.69490526820937,241.25157990070147,126.91098149666504,41.45285208988207,30.497098549363727
247,-3.539737312578154,-13.931969878920029,-30.88748207724211,-44.91274228599195,-59.947962591160376,-63.57527014874813,-105.90561851015082,-92.26946081930873,-133.6849935084274,-86.3148506110665,-11.562332521792086,8.421056041644079,283.49227683630306,194.85861480137828,85.46578499042334,272.4449034731588
248,-1.9534486240634124,-7.2158248326822445,-14.28026978111211,-31.695483024385794,-44.108949663648445,-51.326530975195965,-29.53997745680681,-110.12376715151186,-109.79465211812385,-165.71908702448854,-160.22143886096546,55.946509192316626,-177.85384468827397,-160.70406204566098,-185.846655179128,-185.01832131756237
249,-0.3035495383867328,-1.477037466787067,-3.2991175503561863,-4.742194335783324,-6.141906668338379,-10.235131914593694,-29.583565138702397,9.297419641847227,-65.51166830974762,56.01935813930322,-97.25574104861334,6.727086660414898,-100.65062500551721,-93.72559792346874,-147.30418318790362,-168.14410421592765
250,1.795614821146728,5.672203946576332,15.351655165888587,25.815592809506143,40.401810376180265,49.66589748696788,50.2873765512777,139.30210620833532,76.50745906365046,378.6471656916183,151.85383247544632,-30.47869924106999,274.80722718507604,182.14833815414022,173.35393890417436,192.16163342708023
251,3.4691632718092933,12.127199910641238,28.17980968407892,46.67294291245821,68.27704736189571,63.82684126398635,115.81979185122327,66.44723451447862,73.76569207753073,307.63789644127246,129.80755014428178,-114.72326954327673,31.591638937490643,-31.946473678719485,3.0903430690686946,-104.62730047378864
252,4.991643866838331,17.10979431871567,33.38771291666171,53.55558012285019,62.26266883181097,51.277007708412384,43.71159299981082,-13.499969518503349,-32.061700520440354,-65.16354027793568,-118.34725352321311,-22.11276697721223,-178.84538475437148,-185.83499488058442,-274.69522994212275,-225.0017729211395
253,6.590551271697109,21.606589614685618,41.697563979156484,46.62634972654314,39.35913524161174,20.128049979986827,-35.264753613246285,-66.89604879615945,-119.19061547230376,-166.52666837727156,-181.8485281606072,-41.26732466654903,-17.898401487909723,59.252572148587205,73.00245845860627,226.37905897725432
254,8.170192350210073,26.00093524719739,39.36548343031177,30.525347465614686,10.165842925805919,-39.79850856444955,-84.62010095049118,-144.75159950318266,-135.22369347167933,13.676326525914192,48.40331387023525,-91.26821662176371,125.71004468928732,230.8069097895641,118.63416638730632,50.81092595203518
255,9.607368033734872,28.987134293929557,35.79633633611115,9.272313108447179,-39.79027247320778,-80.52351501994963,-67.92367463456685,-56.31867791818149,33.81751727331266,74.63754871213314,161.76239403314048,-40.55110974985473,-60.551323728155694,-54.93781255179783,-157.43598830018345,-138.00122951627418
256,10.886759000286304,25.84919709576809,26.319636271679656,-17.105000288458996,-77.78876578938753,-79.57312369036117,9.063230996638595,144.45882868642911,187.55151130526428,60.176272953998705,26.08891066984961,-28.426849734123607,-245.45386137842434,-72.3857654332096,205.71572432042376,371.99580387826427
257,12.023997225186633,23.576529197010586,6.4211052744408335,-40.74894021481646,-64.63957523255476,-30.335907825090544,166.4599871974351,296.8149976557761,211.84837660754238,-0.7290525592761696,-150.80934131179856,39.30081118786893,148.06860354500532,503.64196298578463,446.0362451638157,167.1740072173343
258,12.398461051193095,21.697217543739384,-7.627758856235687,-59.22532019433129,-40.415154516010944,36.66582733253608,190.09109571608496,154.96562034027738,-6.743176024659078,-194.2560796648686,-125.67792309623746,15.813686797551782,379.99940139181854,380.40076032109937,-105.3050958822023,-274.06032008567854
259,13.264800497547782,16.49083549660861,-23.102264092653968,-62.2133763045033,-9.521144742269144,80.3000059145852,25.692120026138582,-96.26767328251844,-166.80608696837135,-101.692785498999,134.50420361744818,-111.35777461727503,-110.31262579527538,-288.4439421197021,-176.47201096284334,138.54351271868654
260,14.049496308870943,12.432868502643032,-35.95254032893763,-41.1333980129948,36.115967006062874,91.66497068424769,-26.804294311757985,-104.31974908837219,-28.22475182434937,139.51461514396215,119.51296448804806,-30.488656704261302,-276.13835317763005,-67.83047409527353,248.02359097317094,178.39275088674913
261,13.757262657251857,4.523952342795724,-42.12966613581739,-14.285721835216918,51.626827951413816,42.372729662391066,-63.93099584061201,-81.3397488103601,38.18173203129891,84.53133968512702,-137.43266707639214,36.306079913817484,91.53192198894249,211.7666549127607,-61.78791779533003,-202.02869310860842
262,14.153137278415954,-3.5454709517857737,-44.429906180472244,9.865591220318038,53.64160030318021,-26.59336389346845,-104.07103646947871,1.5969012650639343,66.8276972089725,-86.79178352256713,-146.18463323545802,-58.16263971256376,106.97852676798357,-183.96479299192288,-219.6801550547134,-39.80983146533981
263,13.781077032763903,-9.070329617544417,-33.89773312385387,37.18506221093003,48.186202289308085,-75.89158183344989,-32.09835246700095,107.0528928330641,39.02732886803915,-207.9868308622972,26.35768416765677,-34.0499770364504,-121.86857705685543,-214.67172551766998,160.79914472847304,-11.843043679262337
264,12.931130033155227,-16.987171610862106,-23.89474763825274,52.05019392483973,2.5444567631805057,-93.29734846174324,55.47709493520961,42.6610560309382,-96.04722207589111,-77.62378017748415,133.7128517210367,-16.43272395700751,-176.6165968850837,168.25038493949978,6.479866759827928,-249.18344889275613
265,12.815855485229918,-21.596877705923475,-12.983417099479993,48.675313210719196,-46.08076360237942,-42.27552006484666,115.0553077514378,-43.00527285103817,-89.14943358610935,109.16748874936457,39.862437266887355,-23.123656026172284,77.63875766870478,128.63456409666105,-303.2129903870391,-18.661565063433954
266,11.924458333253256,-23.97602271929952,5.382871479737787,40.58888338210318,-74.53533456853847,14.389532765967488,59.53358546977688,-135.01303365608692,15.724803218563466,42.2631221652191,-140.79813727282271,6.4003121875284705,155.56240845691354,-210.28711236638628,-2.070392901111063,77.25872368097771
267,11.048905348266146,-27.849986803151523,16.904629071552108,23.09520873836118,-68.08389204573928,62.57815426948082,-29.763440722650557,-109.2488420687132,89.11111580636384,-64.69033882641088,-76.64757289446788,23.78437403141288,-159.2376004400503,-4.285462838561216,205.72029367606092,-254.84844410138976
268,9.726443018905911,-28.012464592016386,27.83599789346181,-4.326270428170574,-33.52890986243756,91.35276775563034,-79.55036790210215,37.09071798415607,53.58659378014909,-127.25944747259928,93.69515935661366,35.40375073236737,-93.72046965076152,230.21541257385252,-171.94509839144894,-84.00200128409415
269,8.154482552954448,-25.29229368949393,40.91426389948788,-31.83326139361907,-7.769948857676809,43.73093412172375,-128.3318136936541,98.61510310603808,-65.78327290423397,-40.27873202518822,57.84237715132804,24.591756583637107,195.3725118993534,-106.19357286172453,-198.6302171119337,202.9927545555911
270,6.914347899812782,-24.24144649246398,43.92821079509076,-49.45248979220696,40.87540864937205,-6.757191027428689,-68.56338110132492,114.79384957547518,-132.09241919351672,123.88123950773297,-71.38451716620511,42.250479354574054,115.68747128614632,-215.12587092992908,94.62411198391032,-186.34795054179267
271,5.0661292586171385,-21.874508531295874,36.40291594136795,-56.317014890532846,69.01690634893839,-45.82225362753843,38.569761865917826,14.49403204027658,-73.23138640402422,85.20246418262104,-138.00849628021206,-4.4107502645692875,-195.53259829001763,141.51423629796045,-102.32231105615074,-14.149136833544617
272,3.4489899354272495,-15.484166977209838,32.83584564589478,-50.187076030553726,54.56068591272697,-81.28885526683007,73.95647067587925,-114.18355883239929,65.40497086387796,-91.7251853889029,-12.855983454626767,-14.095682651643074,-144.69898903548892,229.5593198523493,-167.6306200700203,551.5584037226472
273,1.7125638528407876,-7.805162086918699,21.997259972015286,-25.631521241315568,53.34362149108529,-63.225809498334,48.544559999907506,-107.71505074072593,80.18773311984373,-181.44894743074838,159.63565219068187,57.90630058729312,233.2402361973509,-194.28776741835463,377.61599745632293,-26.040752515706117
274,-0.14396271156645923,-0.7088129576147821,-0.16292700967142082,-3.787629125160038,9.491089815653822,-3.3523677172483985,-15.814670241183194,-34.36472530047831,-24.690955889521263,-33.55669356700673,24.114496725975187,-2.8706859682397408,134.54541686406446,-81.75124122534908,333.449047799106,-270.98621829947297
275,-1.6540283804826075,6.227737632845901,-11.887684149053484,20.779600242784454,-49.51777739281988,61.258643800295886,-76.81254582641486,71.7308101120525,-117.73421360308487,105.69368484765437,-156.67858468149643,84.97570679985029,-151.00075138442116,359.2033530288536,-244.76230223327605,226.0034173978347
276,-3.4972644987026626,12.683970850847572,-26.603316754874186,46.11950638076041,-70.46402700878207,82.57829884643024,-99.14556456874925,97.77108594085803,-147.85422710440355,30.994584165207925,-65.53598401558884,239.55797781773344,141.76528644756036,-68.45511357906071,92.82114589651724,-47.06777093492565
277,-5.270003882352512,18.635196269951166,-40.05400269419897,52.81001838473685,-81.37351508813776,56.311730248437016,-60.028120037255576,35.73771457880321,7.517989595594145,-100.24507325008744,231.33005239665363,-59.22109540718793,438.39912824574276,-301.7354944095496,290.4092471683597,-177.4339065853601
278,-6.938754480571987,24.873003259120196,-39.87349093164312,56.86039834325311,-48.31871163679557,10.547539252007482,23.152081572774478,-64.29699567676198,123.48310614060176,-175.06324025465437,380.5454404770662,-152.0457448632028,38.865656285594014,59.383321535722644,-235.06977371276912,157.27463659362184
279,-8.443920447769813,29.168963592255295,-39.99963011067416,40.65843110837204,1.2068436998165453,-36.66534358221679,103.40220146231877,-133.37171934469552,44.88910108021241,-63.94512581427989,6.3251543116221,86.87118167215158,-243.62208425826975,33.67047837188875,-22.424305192625525,-39.32257975561879
280,-9.364396855092878,29.693219934763874,-37.91613016021665,7.222042969017821,34.49715742778426,-69.67656493773666,100.34112143129096,-56.41139470145663,-61.08144935809423,210.47565148151625,-219.07676201367394,2.7491238172465273,-22.10096667605103,-108.42916314979811,297.3326670476981,-247.46210703620454
281,-10.744297584270498,27.446250735304147,-24.693251922327818,-16.507042223725875,65.46890616517646,-79.25627892543434,-0.23271277767707943,56.80676878758459,-154.46451063165296,310.3116695076751,11.239014347187549,-35.976896188461524,96.80648574919906,-75.89168917285133,-134.4890374836191,81.46566126099424
282,-12.189012639817747,25.257855467506488,-5.29082451133354,-40.5674301919621,73.64750362085601,-38.64761426281257,-80.15449837145934,81.79809724274492,-25.93515344422326,-16.98135213711066,79.93270843476785,-19.229519755021556,-49.58689634252369,108.92334184115316,-310.63376319765166,3.66140481527691
283,-12.771641273932346,22.369737799352606,9.281727253210533,-54.4073383581117,50.096479647883484,29.056207668262687,-99.39760060067056,20.62557696190288,263.08645573465355,-221.9970217318405,6.30624819910372,-97.744432870124,-238.0280947443789,80.37944949978555,100.35100850016806,-324.0441501846326
284,-13.607749566695531,16.565151410389262,22.524545713996417,-54.52994183738383,2.074467873119488,62.0970289013967,-60.451732943663956,-67.8066317347284,345.725410968535,17.419074347853893,-125.89365978387286,-87.41651625539453,77.45833332886104,-138.9245596179171,64.74408402139397,164.9287494323289
285,-13.844283579253784,12.146775849416827,34.58350049532936,-41.064786213060415,-32.58791949062709,78.39537429119127,18.57227115062051,-133.8538216425277,127.40829358797646,72.61916870505229,-141.24551969775712,-54.014967255482134,260.3083128677572,56.53744046048814,-293.38438069666427,243.14726038074514
286,-13.689938929172627,5.488178988492564,39.40837355309287,-13.657640742507283,-56.85593685436095,53.4038017829148,90.19919940359978,-63.21537757099213,-161.3193343248097,9.536750675724761,96.70635038925866,-42.771952633004275,-191.35281583830147,162.63919913181599,-27.901500362804654,-196.56524120781614
287,-14.122676455312558,-3.7692999862661054,38.63145635032518,10.434050721739823,-78.02507398305352,-38.850093049478346,100.78134659968782,145.19215126497147,-169.84393776314755,-21.291266665095463,147.3505355403522,-46.276171292118306,-222.3916628776642,-120.62089441846183,179.83709121930679,276.96328749294116
288,-13.832549057898007,-9.411465633733314,34.714045418662764,34.90999535223864,-47.33992284379997,-84.19159436956488,15.241165563282266,290.7923744983573,-23.64290732925292,-159.44700860096054,-87.96907896318407,-12.918927410333708,122.02922330815636,-166.7316021784136,-69.70269962547627,404.2154176998956
289,-13.95988430190286,-15.975205342966774,26.779517983823183,49.18320442485037,3.118444846051659,-74.25624274319944,-51.972267703113175,191.05243717242956,57.177228347058644,-60.58549657358526,-204.9824190662548,23.680552555403665,125.64988529971743,268.9657674867194,50.37734435967195,-283.52158324778793
290,-13.300694127782833,-22.031715700392397,11.951629617716193,54.79387827511846,33.34483664243544,-56.04414116232056,-94.73220760971162,-72.58898053634675,57.00024439419349,115.26674913613533,-2.060816008697657,26.400890679577515,-141.56587227256387,339.20627749114647,324.6499753077105,-54.616685444823815
291,-11.670573804503931,-25.922551739104847,-3.4685859840244007,51.40185985093831,62.68643268502939,10.335393409545759,-90.53493066645387,-108.7266390756572,-38.45763337407652,98.68258097907528,138.8962999142659,-69.60364770838487,-173.0442511561996,-234.46702236153214,-50.69422680198841,308.73326400480073
292,-11.419437030891118,-28.64170314778562,-16.679367731689098,20.76286055596438,65.47845209450959,73.66633891727724,69.3724849359096,-30.726589138253985,-90.83403768603102,-70.10721339813608,7.000745174173062,-86.15658095682056,157.532763692132,-115.62805669908994,-215.77954776926072,-207.9983119710032
293,-10.125458222446838,-26.9304133440437,-30.174742435567424,-5.5665278006017616,36.959296775134575,79.84181122323366,166.30486025459322,-5.864729993567607,-56.39978159814473,-199.65933532369672,-156.086045195314,20.261909709166048,189.14620681763336,284.7568350367219,200.3814199382814,-137.1671264569668
294,-8.335938970220752,-24.945490649671456,-38.70404290130915,-31.275263838638693,7.806268696669569,48.72387305587017,98.65530782339192,104.20645515598153,47.659951604846356,-13.92167687274923,-171.52951107033732,16.868949632696967,-120.36987117162789,-110.43353789679531,-4.361148717807737,160.21403395417474
295,-6.895704992307742,-23.53560974580978,-37.916637275916,-55.99626041470083,-28.852325752769286,-7.30696223410655,38.43377339098515,78.30788217363488,120.92003370078692,120.0293210406453,19.330251092984327,112.44502554393506,-12.489026340062992,-229.5661748807761,-344.03701252241626,-246.39197613233227
296,-4.936565206282239,-19.317828311229732,-34.48742018511473,-52.20068640912541,-57.41818210485225,-57.46348948917216,-29.293059865180112,-32.49147261869007,12.97574984869334,28.265013817122963,95.69070765171091,258.75490348724134,262.6798553696426,126.41789708498982,20.90056911195279,-204.51394232516213
297,-3.429362321985195,-14.55570952412063,-28.931668642849928,-48.86631163870561,-65.81645727155728,-78.51291569639352,-98.95012139256141,-87.32349488066711,-86.01040781534721,-67.7936825759025,-59.97596559542035,138.24957473792495,-17.853599303580268,92.48799614839663,240.37322602564745,120.84935266799039
298,-1.690098311915449,-7.825318473564039,-16.727462781644164,-37.41775809958381,-51.055922502451466,-67.21585351027738,-84.66339871784294,-108.21922247891735,-99.31747762779833,-133.13526100495073,-147.42629427275642,-36.38735623704497,-268.28589799438123,-216.40401945402846,-167.01893480800936,-123.61519743440476
299,-0.018342946867960563,-0.5226899318668075,-1.8897825568600695,-4.564762577330384,-1.9318946423683059,-14.037703196032908,-11.297203400165017,-11.11164846455415,-62.85284945262174,5.538182941170817,18.757019243701507,-0.5068338619712733,-36.921759382199525,-155.2364680707542,-137.21120653508842,-147.1846428547724
300,1.7635243317333789,5.853972127905308,13.368785620627307,25.610527563334017,33.41680306565277,53.98153362508424,63.56730688151583,64.68229567844747,105.72518871527063,171.0777831798623,366.2557420627818,-18.189823696213395,195.04321777890073,201.51649782757158,270.1298719840579,250.58743425258945
301,3.643481743228449,13.52472305685751,26.401290219607063,48.78703762895657,55.5479617406487,84.05967651522519,88.3894386994325,73.14807760250807,130.49393952389437,80.37272113640938,296.34347998580415,-102.58877290209738,64.15257453953745,12.759650021478592,-16.023187332508314,-1.8341865669917752
302,5.039888297383413,17.561244874431395,38.49499804231277,55.69833316369022,68.05898398031593,72.19655133380456,51.611849627806805,35.049825392546325,-55.613082013846,-114.65744482218724,-94.08561594827734,-9.073966346263333,-266.1481366155349,-255.4463343929092,-178.59381605822455,-236.28088049012058
303,6.695168483629914,22.509633851160288,44.28861381742513,50.0852731902969,38.571511952587116,25.7223274491422,-42.41219223538792,-103.00152098777374,-138.5321717643801,-157.47116264983197,-117.73464991073706,-13.599834750370675,-110.23402207448453,97.23326427538268,329.2623783217532,330.4527644049458
304,8.177120079854376,27.687446667753193,41.371738661296945,37.106394150974666,7.686063453321367,-48.688842897610584,-102.86934794292756,-145.54603261667808,-78.10654499980319,14.948597899499873,35.249396172730485,-24.600390760145956,177.35403104543002,202.78165773567162,422.56668395717134,38.42299495971656
305,9.710637957417248,27.19872889818953,34.211764119714985,11.837969059335592,-28.115577905339137,-95.96604244976845,-80.0543361150776,-24.012997700489677,38.91131538848549,238.20584070817858,110.87803130910652,45.24412713128385,-32.61576358871389,-134.8834817606039,-157.38244636703348,-347.8265285065363
306,11.031954160624991,29.430936327996278,18.542205663225445,-14.419936994023374,-55.45131922943244,-89.60506959109227,-37.65808430494144,47.76159807748513,93.51161184074317,314.2482290898479,3.6582568542216904,-11.544527794571195,-174.50023282538677,-22.413916090627026,-49.78193565777292,272.3059567734408
307,12.067775049859847,28.844337898232425,5.167489880815992,-35.48189039391309,-55.688275154173084,-38.82914500895163,41.44600013930176,86.4070715200719,19.642368619491208,4.607826943218242,-190.16545956857954,9.756099121586772,9.735802209339454,375.78699189796316,258.9504869030188,77.99775122769825
308,13.148986542874354,22.646409836954263,-6.21067822528255,-48.692456126947036,-50.61704795607159,30.305011072516777,74.71797116578091,81.28577559717928,-76.84231312588236,-230.18947840645706,-58.92075774598743,-32.87525576865312,119.29069067847195,192.6431940966213,-272.23333452046063,-251.61149484689486
309,13.580903235314508,16.978304560829656,-21.786578439854225,-49.08098617491669,-4.95916834423042,64.6694950045906,29.912186083893175,-64.5119872223695,-136.93880241217994,-11.483840975924977,157.1265363366001,-94.22533973645795,-53.889500133429465,-211.3501158627696,-171.98546538562732,154.3492163892097
310,14.386682509196817,10.459558872856633,-30.77177019188582,-35.34927782084469,41.757788396205456,69.99704698371593,-14.195554704441747,-141.38111525134082,-23.871246645016072,101.44245715195575,105.04296871746374,-1.5754560276637903,-152.4838986472805,-29.201808490142867,220.26031580566632,122.21436189401311
311,14.552008503844718,5.055498647878721,-35.68434198295154,-15.879903607275082,61.78190380368278,39.411051614337104,-91.53275353545177,-86.40624649051188,274.11370975138016,61.215010494379385,-121.02621964318496,-19.983811955620467,38.995284084656305,151.1240132102539,-163.52855268628628,-187.87142815447487
312,14.2014126880822,-2.599200106763874,-37.83345413684651,5.621398352977849,69.88577020625621,-35.396452831546995,-105.37771196286485,34.25047925485114,238.24929994805098,-42.8652495820279,-173.3356798306395,-70.09578715171165,175.21389993858247,-180.80881431711168,-307.79045891266287,-55.27158528155451
313,14.271253017685922,-10.019266024630724,-34.08292159573159,31.118988859384444,47.85708341319537,-83.49524940442967,-16.597111343024153,149.32837796573722,-86.59332495726267,-197.71021809206286,38.48690818150317,-79.07514725782858,-40.99615489536336,-213.94416383476346,81.86728233909525,20.923802975501303
314,13.301654378118656,-15.704789960877406,-25.585573230422483,46.06165506576326,9.98495178588837,-84.21494165809128,54.144122342670016,90.78928348276395,-125.99571819051198,-84.28837994713103,75.02024587844608,-38.56914339158266,-216.48192503195605,187.71556939403672,70.42980160311345,-270.88919439664437
315,12.91990708612957,-22.99588284009087,-13.227564329142183,50.162118818778254,-35.40292593720483,-51.76204661405171,99.06073726434624,-39.6953492128805,-63.336221496892904,127.32877029773954,-61.97057152828347,16.942613429898756,132.53290833079882,118.56195179370116,-238.4980542726189,124.20171301208961
316,11.991013473139901,-25.141010362738598,2.167428427563209,47.82305273243037,-60.816231938487476,12.05910824218654,74.0512845944686,-119.64185876867577,-16.876213207708133,122.74778393923043,-131.78134429105012,113.46135797427587,153.19614786530474,-218.68029231630499,45.638683231492905,516.9889746356378
317,10.65482191363435,-27.03088194794691,18.675447177340402,27.252177073195526,-65.28725656855806,63.61933654367613,-8.936342164997768,-110.04428525347066,106.44070624934102,-48.319193969044136,-60.52657467814788,267.2105533816193,-186.9952507754224,-26.467558997886954,227.5358581402179,-125.23519351900495
318,10.426843881788045,-28.926506604681435,32.87302446281774,-3.1719790610059135,-47.70750743964584,84.3906355503882,-68.57654592077233,89.4507961903646,66.68687481908637,-161.97808657064888,125.51314515287413,126.72783101682762,-62.350133661362634,165.3630671820647,-109.970308027383,-104.7576913040075
319,8.450061058175379,-25.993235600406024,42.19617727355376,-31.239803852460682,2.6749450460698654,76.35336753167553,-93.36429582472556,283.06274638897685,-83.93851918298242,-77.50420453512925,116.73927837318843,10.007803601538853,127.81758174627521,-50.3142092725393,67.58286358030091,260.5033659606206
320,6.59220344396681,-24.798796487192703,41.17474555296417,-48.49594569280089,41.265476843786246,4.3448445119852295,-45.38679176546793,175.63726382082768,-139.4228723709184,107.16592409453733,-99.29497053260457,27.64748757326288,117.98428141822751,-103.46610947202862,456.1828245886136,-178.15178768048645
321,5.486981614742035,-18.77351459229385,39.572543087929944,-54.40305348181846,66.78534354478393,-61.60741657381482,36.72844842394625,-60.731835819569824,-50.553694636471846,101.2380312786845,-167.8454413061827,-87.92518125248853,-198.58323823428145,81.96441037210025,5.1997557541581045,-33.51012181507531
322,3.4981007678757123,-11.482195063482777,35.81277376785988,-52.73021604984115,72.39319778565368,-72.86277774470341,90.93050169880007,-124.48965286920611,72.09420156982742,-97.77952106369048,130.93013853076445,5.207966379326535,-244.61497347682962,104.81719635605987,-327.0878013024303,207.39124902935237
323,1.8736041017614298,-8.410336831077984,17.57873126938307,-26.464449517857247,44.23677153951962,-75.80631935866677,79.60065988915085,-102.42376723855887,87.61789666848381,-159.8106089789071,410.70665939247556,72.93319587135647,198.74103266496058,-188.46619814067526,192.06424708478517,-214.79679894327
324,0.13284687113900873,-0.2978067820895376,1.4747709593539184,0.9687722672106247,5.863508422947461,-20.19628223257064,-0.15725089690749883,-40.565816214807455,-11.744235421656413,-8.343322837354208,141.8269527062439,-27.92279504915905,76.89168275084285,-88.04801164170203,114.3530934033115,-156.36228734252563
325,-1.6150886071991408,6.283841692925762,-13.338971688717493,20.803317508380132,-34.3884217421446,56.48896275310972,-82.99811562073955,71.23252746527214,-136.34932908506016,177.4068627366396,-199.20835551743767,-47.34376378379102,-199.76186175062958,433.47527340459055,-329.53261222892615,174.09567610154318
326,-3.2657857867229723,12.072838537308598,-29.070718732228443,51.13880966593024,-55.65839857483638,80.832226104043,-139.51526912090412,69.13541444899329,-127.67248358126926,117.2608583937108,-89.13769523839255,-55.80751402700889,21.0824928694974,111.51053220516769,120.74884095702873,-24.069437528531125
327,-5.127821382034654,18.848026081122043,-34.88791087977495,58.98744022090614,-61.264769297953535,74.4566320647923,-70.98525108036483,-2.9438961105606722,3.701972360107902,-132.39647839706595,128.3550773002935,-15.393544244700479,148.82700498803752,-331.91225656853203,255.4265409909858,-156.7368098698189
328,-6.674972832908679,22.660016881349293,-41.540059851818455,49.51967304727077,-54.914783118790865,23.554551426392663,77.25044372392586,-74.44983159052754,100.12770611258748,-173.1626129066608,128.13963046208846,-7.417607454636709,-83.10204618123714,34.68236940846691,-271.54542553877036,158.40422643410875
329,-8.209395441475408,28.094167100694904,-44.10576958265551,36.75979073439612,-6.995956614576926,-51.292782687996805,93.84651501747067,-122.4771431084464,49.89306368857615,-4.3432922540923755,-116.98282641215337,11.53251948811021,-211.54394857717762,87.77506457730487,-167.24626109583187,21.568305129540022
330,-9.562091014669477,29.21404753353636,-33.95789836363622,9.636172566681125,39.56143777763782,-96.0151030248112,58.04511412479769,-59.89241908595886,-76.79493405429093,187.26070994795737,-203.20090369898753,45.413606475572124,56.870092648889226,-217.71411196105328,166.8153354398819,-97.6156543227371
331,-10.706621408253795,27.9039389991558,-20.811330923201808,-16.206103220161822,54.39230983036714,-75.33488112100167,16.113418713797728,56.61359532632741,-133.04170842698295,244.41769104408377,30.055806516300436,14.320037921654148,323.6417101327113,-167.1126742654742,-77.86640825992072,439.7122244462371
332,-11.573547320513626,27.70074130845569,-8.408949846716041,-39.987807027097915,70.28303123951127,-14.319676858328421,-73.81098922950696,115.14742953681161,-71.68927736245132,13.06121414766676,80.62020555033996,45.51927201729836,67.04163890629661,153.93198586841754,-311.52183823808446,262.2819875004916
333,-12.499979874082783,21.952289388749705,7.374500419932474,-59.41938248812403,56.03512567916391,36.21482637755935,-107.97843166215534,53.382656957563086,42.11341846368305,-134.41999409718483,-20.556934322527013,-54.58835695837752,-287.6473036964712,86.10446509301255,83.67644297702645,-285.6391690769706
334,-13.838430181108379,17.09332637996158,22.49336128761047,-58.63901358657404,4.449441034582833,85.23707946470586,-88.01815298553629,-73.31488849906782,78.56001674682375,-4.996895370881248,-84.38275104565946,-116.96438761500713,12.496836648995668,-326.3380026572122,168.6840521720951,128.59794198506097
335,-14.239298777014483,13.015650004112103,31.51085660895319,-41.33556502796364,-37.38403143906362,93.59581635231189,10.180055712924514,-129.9317261901797,29.645844317530646,50.924460706588434,-95.89462268810712,-12.811000658095054,193.7667011575977,-10.647237228113227,-274.4645618555878,222.75455188978776
336,-14.311114695025026,4.490473754381128,39.944922771603615,-17.60335568239043,-65.40533110381557,37.004503693993684,91.5422201621077,-67.06201012455494,-112.54481671870053,37.65917881714631,67.86831819052168,-31.37557908663075,-138.0845314235703,277.3536497222376,43.196812332629634,-292.84962696960247
337,-14.564772796551551,-2.5878000298307597,43.730342646517556,9.540667640842003,-72.10481677064263,-18.25834380224387,60.69235019697226,26.520287744118832,-182.83150733455113,-40.37716179077324,130.46161962144106,111.6122290509968,-141.63310484622707,-122.5887345844094,378.8771488005732,-4.710451181006647
338,-13.815861241178936,-8.810272235305092,37.02584333657592,38.59992509825497,-44.62927163187578,-64.92613594555405,24.997351749112568,86.47102013340736,52.3553585754762,-174.52038881436238,-54.8309393125146,147.2758747574992,93.67022566990454,-108.82509486447088,-120.32791229456052,148.67759059879972
339,-13.058094503607208,-14.88953690152357,25.14464949575131,59.12854512162903,-5.423664528917925,-93.12017834186736,-44.86870402079512,83.15090778092235,226.99135273093634,-85.40529188176515,-188.74167127528017,-56.988756037607345,136.4168682451509,152.88157554491772,-168.67523392313888,-234.1602227507101
340,-12.668876832256046,-19.815243654548794,12.333120431451789,61.70870823288715,32.930918693368085,-49.90735511191815,-112.137198873952,-36.716225876805765,68.2587875650006,128.5051549218624,-71.757645415757,14.553705776590505,-122.56250525961332,60.9103070749843,227.179097924316,75.108295905251
341,-11.841413056355577,-24.828481808131073,-3.4212088994236183,51.70865550137387,71.12533127828056,23.12736507613863,-82.32469164502982,-124.26056969133788,-78.34234709447446,130.68210442685086,125.78811901613699,-1.4507573569915166,-186.32920751044367,-201.2854340008853,3.8903278094294365,269.5596354333429
342,-10.89843716141695,-27.341008901533314,-18.786255416216818,27.19310686812605,71.89695402762572,77.42060246359597,12.665586905066448,-91.03847664069872,-148.89151952573047,-94.89801268593874,80.70925377801177,-58.00050149093977,113.67492271099945,38.16628067203419,-159.6236933925029,-234.53995218416094
343,-9.493764451347488,-28.4614482618872,-28.747461408608842,-4.614069028731137,33.905626660179905,94.67240604503695,73.9069469991664,-13.380647454057907,-139.79481221229435,-204.00249495977914,-114.79915706804968,12.894635634414499,38.302981687682404,493.75706557781086,106.58863736984495,-181.19662808410067
344,-7.914071350347513,-29.055912077397807,-38.296893976229285,-25.635702243124797,3.7659770927564296,48.359393066923076,68.59976945204835,76.05355552896071,48.56215808291563,-24.845330948530318,-78.4546356597748,-22.80229834557781,-154.67174653839902,-81.58128002176818,-31.93725043845916,139.01457946414303
345,-6.735013730288301,-24.666437524976573,-43.9656736736556,-45.04441640076129,-34.89193709460574,-6.900340053022774,48.105103934994986,86.36827325424383,114.89786549021483,125.949572446596,271.05608733359986,9.739565261865891,-20.678586736190482,-390.65261775636463,-246.6547180005582,-199.131469304044
346,-4.893671961381642,-18.208443553383404,-40.83544236868943,-59.67755568582106,-76.09049721093106,-57.64804442054265,-37.85204559808335,-5.150164657119603,34.6359724613103,61.7019572709105,355.48352729037106,-60.28945767610821,115.61398771841777,181.35055277826177,-17.426727739250055,-14.727956628630636
347,-3.2076126798638143,-14.076624499561149,-31.553576884854238,-50.313607452304495,-76.55422941456027,-98.53877784851284,-123.3193692369241,-116.70482690522476,-102.50029378688487,-80.57078268738042,-73.84905024734326,-97.2036261593014,24.963947227228346,85.48706517722894,137.7308740182416,539.8116481382021
348,-1.980005721354246,-7.927257530589486,-17.02358087284233,-27.31533584441695,-47.99730335203685,-60.38894854489172,-94.65299722737109,-118.78315859390568,-186.80177848601488,-178.61827272570372,-209.23140675408104,53.497140407541565,-118.98339924837273,-162.37851438964572,-110.39147214127297,-34.991104714492394
349,0.14890638609995221,-0.7060268585119047,-1.1436121580743475,-3.531846856080847,-6.935618279121172,3.6965171312231178,-4.043324293987098,49.4409851487726,-18.578365038914853,-76.32071322081902,-10.065644203921693,20.136255139227387,16.427462809409917,-35.160123497233144,-150.20541091549967,-293.60207921625624
350,2.05445447146667,5.573261460062895,13.738644385135558,26.238048347761833,31.590612880066374,56.02929618731014,74.64810883399332,233.61474852039646,103.22226662372123,150.75845803879565,112.77744910476395,-50.12790077934255,285.0615475712875,47.16536859484768,137.91731654823525,245.66663802918993
351,3.5431962635198033,12.131643226626693,27.30984680419033,52.383698585900675,62.45346472408323,102.4522051893282,110.09167179067663,190.20488648718492,65.37817378914588,134.132846164659,134.09419468976557,6.1841303373487335,156.93126442745051,-3.2673169736372074,-58.487945195163775,-19.454697929380927
352,5.377545465933508,18.850855464765118,35.04828088391423,59.70086880443159,69.98755514670574,82.17567326984681,72.26784134140689,-2.0531270410720026,-24.15237384869215,-95.83579533615557,-133.52301472495128,21.34748237076292,-285.9141171872034,-105.73645313434827,-183.22935000887082,-135.03284392554633
353,7.066183560850732,25.673185292726885,40.687287171272146,53.34225839290593,36.62619257815595,19.615131543031566,-39.27882997257257,-87.25545981877622,-106.65243945638395,-136.8400902299909,-161.5638994536348,-1.3467857228554294,-132.71783384353694,11.88676134589332,407.1023851851205,248.69318701112934
354,8.436675250631197,27.18587100568584,42.98806692714379,37.739560910355976,1.5676746649191955,-37.19104232365771,-90.23409832913967,-117.15220299094108,-59.90264631327227,-10.646229837126157,66.92280079380726,-14.2264870200745,243.14962649434892,43.97581246271875,312.00957798712625,-19.148638100792596
355,9.789825307300816,26.843566929151166,33.242672285625304,11.964893088618737,-28.346232236049673,-80.05885178623794,-73.7127374908996,-59.50581432050967,39.95983727406201,180.4668683822856,86.91289397773289,19.342330092955535,-35.955075072888576,-110.64632799691753,-326.70019752586813,-208.151715684151
356,11.072027198564683,28.088909638941004,23.043456875165248,-19.375375517833163,-56.94995767303885,-73.53877182355063,-43.92115319522418,63.20549514278173,130.2604536034487,308.5912082001596,40.51380121065267,52.65992477136729,-182.08014853085115,-79.11791300145705,84.49973394322296,96.54105996903672
357,11.946339904555316,24.890014432777207,8.771333254738238,-42.51626989617853,-61.5944327347197,-19.250896817845387,47.628042787557206,93.64438454587071,68.22210939879733,-12.197469545142667,-116.95206195983519,18.60785960205135,46.420199973057606,303.1135658688363,256.77560492331395,9.907943414029432
358,13.299414359194088,22.739084713011835,-10.633063154928777,-54.15620208658311,-45.5597948369541,30.766230069521043,90.15903546134723,60.87946471054238,-82.36344863298109,-254.52239881538117,-81.2798921000176,37.84076849139524,98.78148276463253,340.56029461735307,-346.05510764608334,-219.47344834355317
359,13.89642665446081,19.56913486792837,-23.738124176541078,-55.188952624807825,-4.820025607865546,68.60083123659297,46.20203051730641,-51.09017570614742,-105.98617399077739,-26.16941705143836,117.85633835290173,-18.291397893789508,-29.057060638115217,-240.50735316684586,-108.13896775318426,30.600849183130777
360,13.525092998438595,11.315378889742533,-38.78210135624499,-38.17977362202873,36.3775320007328,90.254594531978,-10.027043870373745,-130.0094627352155,-53.821007940041454,128.16316576437748,54.452351521493256,-81.96687237603123,-149.79974671769378,-53.119661057506164,260.482792415969,1.472796067049785
361,14.498948600971744,5.325606494185195,-42.9964260547963,-17.727111317840354,56.81850766267826,43.415347857457164,-83.44661030486714,-84.03053666451888,74.91131031954319,109.02427520469428,-74.57519183024851,-11.936840675092526,10.469010665889073,296.8238291271555,-188.00174741949013,-191.3941041627404
362,14.387884443858638,-2.4146510484833925,-40.51513306221341,8.089305615363628,64.44595952798454,-32.99115128206722,-101.53261314769952,31.588216293184814,109.08017089954592,-38.519449013132544,-108.67477197602966,-39.91374351530453,135.379070622781,-195.73250669130357,-357.67701309738914,319.5781615882297
363,13.53240604729126,-10.878791911834014,-41.10315235710959,35.89215250895995,44.79458664121307,-73.27654306268323,-32.13998271441051,128.85368771633148,8.116311193731235,-162.76955081257984,35.98960584007364,-59.3117259125911,-160.95933479044106,-231.91611140966415,149.88834104235866,400.9760858202062
364,14.055001557171636,-15.464993603712173,-27.211540884003625,43.618563702667416,5.087902130789644,-83.87801982673318,38.379949594709615,83.53968983174127,-98.5450704206969,-58.9100839465209,185.4773132139162,-6.632901280140459,-243.83253219714607,128.50372588452592,176.0236300509423,-236.83279541722732
365,13.50830845719247,-20.869507406523553,-9.512163797860012,50.01371167209436,-43.00577583643326,-51.72077784659268,61.90960976561473,-40.452937509780895,-128.34950390939503,95.93876801449733,-4.313068481817027,21.730380972265266,137.88524279851845,97.15293172920065,-211.83017866620503,-43.28116738337849
366,12.451902229828193,-26.207113963143456,3.3806713336171015,47.9520393528619,-78.0593345275363,16.131878432332087,50.73776395445202,-134.4647271325157,65.11974855849803,109.49679579733856,-237.79186385695357,14.343472627293522,178.30756647654198,-101.40731281838089,-83.39263399323681,171.16985204234516
367,11.532813921606248,-27.338792910252778,18.342697560605302,22.30366578160556,-73.76364137354199,76.38523340375741,2.5611247123561043,-117.43412891851403,150.22298145597597,-73.63823732966557,-77.93272954374879,-21.93922475083491,-132.9601063320515,14.507459485095751,126.77305730219086,-323.17469843656
368,9.817435549693073,-26.26028349992248,29.300588433282883,-4.895574144807142,-47.68956841423437,103.10278499822834,-69.09998459282542,10.393351501435973,32.474264209455214,-201.14961523362945,185.54440636709478,-35.240437420919534,-97.12412607982696,239.0941885639404,-97.54046120915882,-96.10059669145994
369,8.308601010964594,-26.898423558182003,35.37457407397096,-30.461885856049776,-7.649834295525579,66.46599638515272,-78.7897068477032,92.94178265624942,-69.15824195378718,-65.25278189347591,49.29209973200159,-39.79016803763034,237.18510464960127,-11.285832036868669,-123.8160052436142,165.28226089535747
370,7.09524427289125,-25.177025295608473,39.665405602050214,-48.084474885255986,37.087735469822064,-10.390028567711852,-33.101547208401826,68.5541484966634,-146.16614963947904,152.70513876503173,-130.0435435472864,-48.81647188451416,286.06636231718585,-150.75092947811936,306.59363483782363,-222.12928598938015
371,5.330476270246436,-20.343738956984453,35.77710135704501,-48.69713241528552,55.653773599668966,-65.4919691714158,28.51134633408583,-11.75697516704895,-44.66069345056076,136.58326964066873,-89.38538548258657,-21.15874421602348,-101.58557730213943,111.08495719520579,23.55701607375522,-76.09223940737138
372,3.5770240338579242,-14.05030543504381,27.03853816330775,-41.70193987189759,60.25599994493632,-101.15202411692553,107.9985883739555,-97.4779195886731,92.16769972698512,-93.48059664696484,-32.089161089799745,6.317624611615429,-124.58227484892268,129.28086129159055,-301.21131078064354,190.78369345564715
373,2.126459786604755,-7.049529112267919,17.06771968139992,-28.44043834203785,53.876933673266194,-82.7218659540149,105.81170254479912,-108.1459700425803,109.49955979902552,-159.32117177794134,89.5816509519318,-26.360421298145866,223.80189190531382,-160.16045930168184,163.44610253156134,-177.36928203546995
374,0.1861822094542731,-1.3875619278114755,2.072622521208814,-4.913390570221054,8.552534826972078,-0.12474339099298959,2.062627801555209,-8.45325489253446,23.91149535209206,-21.17046430602204,20.37258577776811,-1.827870354569768,69.84891452877491,25.156039495239384,-50.23832639439206,-232.45756034563965
375,-1.5645557407815431,6.3439213888214,-12.172375472289787,25.80961023715099,-44.2107568884453,69.55895824775507,-87.114201268123,93.4524892722693,-104.02831334430994,77.33873358056917,-186.36862344202564,117.54115777333936,-234.91216218969203,578.5639674551567,-340.24585630990623,317.18136059729295
376,-3.2201205066485272,12.881876482066218,-26.913566898004774,46.633268038220194,-65.37133146158158,92.0528328509763,-115.28758300202753,94.61518594700465,-85.16510954806245,41.08132346434104,-127.72351575843459,178.6938464195573,-106.66911712008005,177.7688907480915,6.5544575001404155,88.12445962373022
377,-5.098978187015746,18.025168571698487,-41.39083591817143,51.965264429468334,-60.634228835447175,60.32059304181348,-78.49355170008494,19.601076321137953,7.052308773878849,-107.35114774822978,125.20242901997517,-3.5780297687424536,125.97292107914109,-377.2329867298031,55.815348063413694,-257.0469261926264
378,-6.590170386903992,24.189753725595438,-46.60964589519699,47.74251222313069,-42.14274763945832,17.118404916613144,21.876480163606175,-74.96544243907556,112.85817343915596,-179.20066474788655,176.1402753343973,-107.53158233415706,-21.018774796277285,102.20593330659176,-206.9254117859091,371.515022626314
379,-8.100250641980892,26.61943037398487,-42.9427325133438,32.84816467778364,-4.943062558901147,-30.894216820886868,84.72739989447655,-106.01925557009599,99.76817689619384,-28.100491484059603,-100.51699048159207,21.362240323121114,-229.7580574804815,179.67217739098123,-188.88402232669614,78.13605981235014
380,-9.609348747648255,26.92760339749202,-33.78834700503694,12.514022906302671,40.301078469733966,-72.34950809866314,68.21516618679107,4.02140219024659,-56.493979362912796,225.36308533609918,-181.675408829371,-15.79409676996329,22.91700972365652,-203.95665645469126,228.1421684591187,-354.3285631756589
381,-10.62495568056056,26.75300770796275,-22.375197389495952,-15.570132380518771,59.840945188503156,-57.65375024280365,25.942206405919023,200.4995454080272,-127.69995797461752,297.6261673330846,37.12534078779754,-18.563117126820543,219.3125395206589,-10.533514646362164,12.978910094265302,303.13249242569145
382,-11.391310424975018,26.037588191841678,-7.644800418063369,-37.35983919364571,65.67949206469439,-24.840768252452108,-61.11756360410618,234.46952324601443,-99.35571679499662,-0.0024758895433478756,178.35875060227227,18.92108684068444,-54.440822433971334,159.95217605603102,-333.2886454391264,-8.071124173293356
383,-12.37937427021734,24.26024030821918,9.662020425897026,-52.91139208801815,57.368981171936866,25.657904079689615,-120.36381194549358,27.64684893915546,43.95992467482279,-195.73301539041495,79.69765261931025,-88.28844279613168,-213.0478839443531,-30.135351072225603,221.99656805567065,-421.2350997940375
384,-13.130277187430693,18.792588767094458,23.478713793588668,-65.44513990935047,9.282495205532541,78.52518588885687,-77.45065945845454,-84.22113851033646,115.77408113000524,1.5322471317704185,-186.72733747515667,-77.03142247168216,-20.07756773048459,-268.58037493035954,223.99892925890163,69.03909044851025
385,-13.649700014051632,11.738883145515501,32.890450474093086,-43.425452944848075,-44.883562322974285,76.16197022794404,11.187539907028622,-80.01748178606431,6.864688323494875,89.37101316566986,-180.021523295507,20.010440282643685,98.30373512401275,-84.87797924603365,-246.58873422702163,-1.2685705986223184
386,-14.054848194728947,4.608749839098891,37.01497318267684,-13.964452187284223,-71.29149545740074,24.924204336908588,78.06885690114814,-69.13964341981773,-107.1647064080039,57.79315179817604,87.43098243565873,22.01769184538898,-32.757609961270646,189.90746856060287,145.88401324989536,-240.8606212438899
387,-13.852336815711169,-2.811655359371798,37.2039252554614,8.163084302075731,-65.00783481073904,-22.27344432004611,82.267990254707,48.84266552551344,-142.62762603397016,8.126807403625207,179.3991189200533,-55.42036097447726,-142.82967343332712,-135.72047772689984,234.35642717369774,37.43588363373419
388,-13.136664505545923,-9.569793987804587,34.04809902973648,39.52749601506639,-37.07386203908163,-55.18923874680877,37.83549081539195,127.03950486256872,-10.103905380585502,-142.07096862776598,62.604066492782295,-51.065271282765934,191.7736912525288,-284.2740802504268,-334.0398554377898,88.19057599679218
389,-12.631706611311529,-15.173045536439531,25.943809469287316,53.861472887177115,-7.421375973536669,-79.5377089999256,-47.152984853248654,86.2619295194745,109.36689156710565,-79.46584433491262,-142.059887881931,30.455783813698872,408.00504088105663,152.88326791376312,-152.8157890716102,-190.45863644930068
390,-12.578536685851759,-20.28514785876996,13.819049763381827,54.140923427109556,37.339449713853355,-43.707296138733,-98.68826601573483,-45.68429916720925,139.68624889591933,105.72522118120833,-88.3632376690257,47.00920990814666,-150.28550786723645,167.61536839090695,286.8223039878576,105.07982670406636
391,-12.142017510604092,-24.874199784616394,-3.119213535279414,49.70851838818089,69.03922100746968,16.21388771283091,-68.69397416096535,-157.39520086590346,69.09405976649282,75.00526817117861,139.1822896260528,-3.1166127128062726,-309.6768081713162,-255.4408843105557,-26.098058411487727,435.8438157867349
392,-11.110989744730432,-25.641223374492256,-17.984760322203783,26.041761442709685,60.353192170351576,51.78707066318202,2.129003468762903,-115.57748676292613,-182.82744428905607,-87.29346842783343,27.305470393543146,-34.1385762516793,164.50661728567502,51.448290650463605,-257.2153362088211,-135.3594886065257
393,-9.652718934157747,-26.472521086547204,-28.445691810377866,-6.266333250547177,39.15263533275038,68.34456117675472,73.42282068091026,1.1467959563960903,-151.7690703829876,-184.14511048329405,-181.60249410811957,-8.434228171996438,63.77372357944114,503.9465734458936,82.13195674863528,-201.34469953725056
394,-8.321872662320857,-28.183413431966983,-40.813570865838756,-29.889252521291382,3.395495511804711,52.08807635388257,89.31678730280896,109.00748464912249,78.16688312023325,-58.72300000724317,-146.62271135052288,-23.641749855953094,-160.09240591283742,71.29395873198519,16.24028901526617,147.73443642930943
395,-6.8188947222233764,-23.771738416880908,-47.67030077931531,-51.96459325579781,-34.921150046409366,-0.9780957301609305,86.78153496689731,113.3651070275373,63.302175892030846,145.18074962137507,59.64932234360458,95.97969976280183,-25.907169532074477,-150.3923643759117,-274.19467110883124,-237.69837091682712
396,-4.92227352840473,-18.94795158103807,-39.51593580695544,-62.710127789388025,-55.31803292528775,-66.43853885575663,2.786263939387709,3.707625430681219,14.493506540585258,75.88337976451021,139.0486510555329,332.72288669151385,124.93150960912317,152.77740355030255,74.39286697392527,-183.65941021121398
397,-3.4019066845012276,-15.69679796280252,-27.91758454683759,-52.165599124433356,-60.17136105013378,-85.55765281667846,-134.6902396308168,-96.41348265900524,-94.92626595352249,-103.22456186277395,-41.09029610109974,152.27567042703777,87.35200932038424,71.76878768797906,262.45862149461027,117.67282713286113
398,-1.5338348511068034,-8.230505945899495,-20.358183346812893,-33.85137274387944,-46.62103623576786,-61.81917363618959,-100.45814124354092,-101.25866961129577,-164.89569579116142,-146.70338166390138,-170.79647819233833,-95.35946251489077,-212.7899473940197,-231.13712267322262,-166.73882788156334,-173.38097026545438
399,0.2860253753442521,-0.39753619547082053,-2.775674137724309,-2.4163203614798476,-9.476137662207293,-16.404088056307955,-8.753352398894549,-16.954982317318354,6.139607080244787,-35.047995402274864,-45.6939539064515,-11.297048019590875,-110.04330957838829,-114.74586508759967,-12.71759987303085,-177.02695008147566
400,1.8228035521442507,6.0748193993249515,15.554773235564426,29.264038776479538,35.088549062559196,49.55601494245275,54.28549108788957,95.75381335439306,82.24177930514452,114.17229030931594,143.22413331411553,-42.570420560150524,196.11945220513735,229.62157581730207,525.2192112769335,189.1157767855766
401,3.7558836746875386,12.986007299395169,25.16557741327415,48.936591862348905,68.09266854035195,83.56467259607416,106.08254253228279,116.6863061720469,72.48625069768605,52.180630912257584,55.098332702953485,-78.17488705827236,46.64279374887701,26.349055243525072,34.708570408576634,-80.23235054587713
402,5.608780934656352,18.133330440520695,39.80860575915722,59.22460660474462,78.0845819492024,73.09229178070018,35.355082094806676,9.66954491841534,28.0589320700783,-110.388994046064,-102.32055669077454,-28.98998472580024,-181.27550645114388,-210.59278604813517,-296.6780381533172,-329.56869591966097
403,7.31312620839617,22.643057916683574,45.82361085201683,46.08464168184673,48.21588836770661,27.02698917350608,-33.712273605637165,-96.99441222670066,-114.99951732505724,-176.7529432956644,-63.10468168917032,-50.37378208980954,-82.97663473810826,47.976863521998894,136.2218366538291,141.83878627837112
404,8.691477031249633,26.999634968661667,39.06311764994098,31.01716197818132,4.493779760977304,-47.042823795411095,-76.19190689131938,-132.76135422429434,-85.80344001223057,-43.411818580227646,12.76846762011155,-12.542140423658566,182.40632480446948,89.08393269034423,-53.526256665769324,-2.420104647928383
405,9.98688782256977,27.404894569809585,34.98035239449109,15.105063270204482,-39.28162475015961,-94.8509976521691,-106.80297176655677,-49.368833031778195,63.005704713210434,220.18954696386982,93.4423703368484,-9.796165044564987,14.166104747826466,-187.6239594880426,-187.3413211743391,-128.86317522084573
406,11.174067054053012,27.531179669001176,22.65542876123891,-18.359853890700833,-68.39566673693662,-78.02346386847421,-15.43755591037825,69.98684715071067,142.5081147564324,271.23389612172446,6.096872681113382,-14.890671819255658,-206.82837595100864,-207.7862715460651,192.68420291513758,550.7592107154778
407,11.818409267199968,27.74031567885595,6.011480913873129,-39.30925553392717,-59.91815083085385,-13.67209545712285,71.35435326656079,109.62049432571803,83.5092274721028,-16.946966206096022,-192.75528385653888,8.436867459493442,178.91571850747277,180.95236882743484,210.08525103356806,278.30992975962
408,13.034575332766508,21.563921852602107,-6.153145111800768,-47.719985603328496,-42.84887990551397,37.45816234357153,102.56167477992403,73.65148961044906,-94.3374159089235,-192.67151339607722,-83.2728133405999,-37.69330011918646,493.86764725422836,168.59331449372257,-152.24742031826463,-410.05562704744807
409,14.0045214321417,16.02694272579447,-24.616503773047043,-49.90074445584469,-4.113692995150814,79.98679540816374,73.3503606896893,-55.71695058510886,-134.36422287641653,7.049156510383568,257.8675799594039,-33.28521183328303,97.57610915898113,-213.18508678362195,-153.20422373466135,124.5759750916186
410,13.925771049473951,12.635200285693827,-38.27222795371381,-37.17472012136568,46.30778146676221,100.05719497883365,-27.23887937544896,-128.8481941492355,-27.626152450364316,107.76062753384895,344.2270083317817,45.2691384758582,-248.16378734646423,143.72005555098076,162.23081742927025,295.8170171010861
411,14.487234040308067,4.4094652076692,-39.064749845412734,-15.050582100440806,66.39653066882875,42.05829020580131,-82.56485086510656,-49.469194304649136,63.93608939371552,48.33204976061336,-45.09415950766379,60.84715083622723,40.90419417663361,466.4500975233386,-93.47654502216756,-318.09038062951004
412,14.341938154574564,-2.8855796677798935,-40.93241424743337,12.270019702197715,65.63698559597287,-26.11604585422174,-88.88359186339949,154.99184751692883,76.86176036226607,-23.704496865998635,-206.5642808053417,-64.70600473850027,116.23640261616674,-137.75107590998232,-294.09265512103593,-50.86693142722652
413,13.834725948633604,-9.410212026489717,-40.486609088005025,34.72287071912706,42.22551577546892,-61.21987635572805,-28.340520051006024,233.85486209738156,-9.945601236442599,-135.90256952394247,107.78344961997209,-117.2474826997859,-92.07528919313336,-274.54609970154706,135.79688759948476,84.51324967487017
414,14.29074134817165,-16.590709864184646,-26.643965550189023,54.65192303033473,5.230318396565963,-63.20668011309317,54.71846776419807,32.19922851033334,-82.35768164097863,-52.10275946119009,157.49695547819465,19.74685880223842,-74.26722775239614,211.59501807820197,156.69655505904666,-259.87671318317007
415,13.073537279225093,-19.838753597237883,-11.476899116772984,58.99246500964,-39.59118144645163,-32.306058954935,98.62680596357677,-59.32540568040349,-70.8614920064083,117.1700204169365,-28.048313755078198,66.09799112644941,81.36896330441232,66.87158246991021,-180.09952817081648,26.183851663023233
416,11.815645075756038,-23.033934365850655,3.321885790818669,38.172228392821125,-69.00285882026674,13.20691038237237,97.13142578141924,-100.20617124980345,13.455336487480963,114.817241039093,-141.33670452052866,117.95296108678485,159.31031033537874,-261.1713581636941,184.66876049089478,189.6409797915694
417,11.545258028358148,-25.777813578528367,21.675066844960384,20.165139183000974,-51.792582731783114,73.67253805007749,-14.052540349344781,-143.33735406149935,214.17828839349204,-60.332929624723874,-90.05933067946353,247.8048727856949,-124.44635821788688,-99.10526965145618,428.1998605752233,-177.65433216186648
418,9.955768668558449,-25.735174316396296,32.35219510463594,-3.3967380817257435,-32.562557940624174,81.27356857861196,-105.43808454010832,18.531553292985336,265.7808223492975,-178.25547955995944,123.93789697955071,130.4749234517294,-174.58192581680487,130.6047711271458,-196.8439971383341,-161.6167427591281
419,8.513015261397413,-25.16901035297633,41.5800231208259,-31.486020353365348,-7.768070361164064,40.63756279694826,-113.11558418674394,94.26651082255921,-37.28155523094756,-30.916015560337655,147.60443196772394,-33.541507020763675,126.75132993404986,-121.1111139843415,-230.18153172756865,132.26216324100096
420,7.339313308992132,-23.03837783525978,45.95395192490378,-43.968831927156316,45.629096850906535,2.740241596538908,-69.60392298050465,79.83476316872839,-161.3514234061986,154.82801702557208,-92.7153499994638,-8.221907518007356,20.01300803599588,-259.96907473567444,200.21971747122734,-148.480421996137
421,5.518380193106168,-20.70051614805743,35.65498369022225,-61.64629596125724,70.61123688611042,-55.32771614071498,47.66260115726436,15.497852720603987,-3.9337057281809393,131.70356323997748,-189.905824694466,-20.668544777270654,-207.35492823871027,203.20590575576534,-167.30256992860814,-41.920593779854244
422,3.733417263721094,-15.383597739723882,27.284950527024193,-60.01129557098557,67.59151375095098,-84.2780986365924,117.6488760003358,-128.44393236577162,33.77706976155969,-77.27009703195108,4.74093285793424,-63.72125522086026,-156.58874175262463,175.91993821281176,-323.0383636926126,441.2838152778568
423,1.971628884504753,-6.2491780938053125,19.875032076988646,-27.181482825320018,55.13986527851557,-64.58552540632627,98.2782196680655,-106.5204373448214,79.19622245322171,-161.81593352225627,141.97386946999904,16.67451871284902,93.02302680221328,-249.68837838042054,138.8427157347105,-60.25819095419138
424,0.31172762497499207,-0.48159639203640836,2.0254548916409476,-0.8086557328442723,7.0829601937975895,-10.38999043881995,18.979523779122246,-0.9746287945890799,43.32476861430041,9.6261262534872,43.19396767955914,54.49186194051799,73.32412174531783,-32.689927582898235,-18.124229506800475,-300.0747354764462
425,-1.6184087342207931,6.058421161109436,-14.30572110801495,24.12072090508991,-44.54154128945447,48.83966091992079,-77.4003790387942,84.05934521309973,-158.5909004352725,135.31674930576628,-154.19266457068443,-84.05162203586951,-243.46995282778516,301.3028151247672,-339.82444693605794,148.74174145974393
426,-3.4964760932189165,14.547890550893499,-27.52227082373429,48.266919455657444,-70.20287853190985,59.98552313326218,-102.62140507293952,129.5177724527748,-158.04721309862725,69.2448827753542,-136.15839300763764,-79.70293035915438,58.963060669309925,103.68636286603578,15.38537397426262,-119.82652371957374
427,-4.909490908667976,19.092216535986154,-37.053682882097746,59.52319200550119,-67.41840724574831,55.81743753699084,-62.71444612603591,30.458564862943604,8.148873008150986,-112.61157681048826,92.93655673205103,83.61906443972657,549.3994056587981,-215.45383772802052,214.1629375544362,-306.5638675615046
428,-6.4249812600082805,22.83310173546397,-40.90723790870197,50.92477991288888,-39.05068235282124,20.0741125761906,28.482933366925863,-92.543410040671,70.87988490062708,-178.89173838993156,103.7043320485227,38.54069001574044,193.73379229627608,-40.37537838022945,-200.13598761943285,139.63172912770824
429,-7.9761636408375125,26.551462920429003,-42.692861178092244,32.218498117960735,-6.5868034695567985,-45.54854452260952,86.79056059234426,-121.68074226006138,40.97901892881055,-30.010032275285994,-62.31972127300833,-62.218674620706224,-304.47608332346135,135.94682957253826,-255.09196250689274,31.482379003078677
430,-9.581326737207746,28.604625826495067,-32.158118844899036,12.944091793910047,35.98322112905316,-73.46263058699333,129.82407152480664,-66.46626426516013,-58.70740123278301,184.78622484880907,-122.24548198286902,-19.97226555701309,-18.734481139210402,-156.0268683684053,228.4296380358719,-154.24917557631852
431,-10.830877420066827,28.44746441271036,-19.823138436277077,-18.089189067991356,59.958703737058386,-55.664084186901164,150.7748984474456,55.11918588995468,-172.797174175932,277.87748783181996,80.07115939974756,33.98670289605798,253.15893442710512,-118.41244404255303,34.18417419214529,194.71313861676026
432,-11.864192454258045,25.719735385508102,-8.354864230355815,-41.382794689887305,61.78632382170963,-17.98046355291808,-48.70349080764208,119.18484677369997,-95.08850525751768,-4.748834996331425,418.1125434168425,45.64141697735795,-75.99783383824979,187.536277731243,-188.36675083675073,109.9183672482468
433,-12.713605631898645,22.562631098563543,10.761708560951774,-48.398316975700254,57.68870548719315,37.79442064712384,-140.88836497792363,56.18442934673658,98.574425007846,-233.92841382591905,243.5279746172091,-3.7653462143171055,-149.6979485234042,45.70697204646967,360.0488047161198,-172.26131041745248
434,-12.613168042877987,17.418364723012928,22.29705256761281,-49.48256523814052,6.1556765128070765,91.03572740288473,-16.34025695787932,-64.92391557271185,130.48843168677195,-9.210128582622929,-171.10148711958027,-15.318182680191967,135.65347341939923,-250.18643298418374,199.53873158353235,12.40844124359137
435,-13.019658557749608,11.280290652882286,31.961595267640405,-40.17106521970163,-46.096645885324506,74.80928555237733,-3.39763529107222,-150.94154210133274,4.9955338691870566,88.92938298981608,-94.25830009350102,-23.947375905205263,174.84105923930474,-70.48926644620406,-335.34789245210413,-85.13262223065249
436,-13.66199557075106,4.824381238470778,40.75821279171578,-16.197457358058273,-63.21828142787399,28.816279372780627,59.35099621341578,-99.69711023102718,-115.15635296635446,26.458533802082457,83.51493780629244,-32.0406057556047,-88.79108892381191,111.48065669818243,-5.163412406873249,-304.7595251519524
437,-13.661513423197903,-3.1019917853063816,40.2375097204058,15.227224646507239,-71.28482730732503,-11.554567280600168,102.31881981014521,37.703950044138764,-146.04716235467276,-2.096576928594004,83.89147894324742,194.23301612224168,-157.76546869611775,-139.53386909309347,157.03581741424568,205.5382592845708
438,-13.941678247271739,-8.96110627964481,40.98566411552292,36.262733711158035,-45.94677186534955,-60.34393811788141,22.06502159386946,100.1547251027514,-33.05987671454204,-129.54111450773235,-52.06819751366129,207.67885922729783,62.822509243065724,-144.37751114590037,-278.8485440911609,301.24590408804943
439,-13.244711242517951,-15.916263050624366,29.96346935663223,47.58752255262971,2.8895674824179878,-75.18915832484709,-34.629866891726124,60.5532400044176,128.21541911766326,-41.35634347343512,-169.90122839107426,-90.5015578096154,46.12920876010321,76.66817112850322,-218.09592155415157,-311.58321829661145
440,-12.364575277793847,-23.446620295400862,8.874846135819098,58.225391361479524,39.950746032039206,-47.9249939854144,-90.08556546819818,-38.03986723430717,121.26160253740454,150.21220246776466,-7.773830451176764,-65.34116856657874,-158.91031100586406,33.77884540797959,188.6110519950671,-19.25158859959629
441,-11.809613178961627,-26.768910291320935,-1.6918099591603095,53.36311559092883,62.23099087119499,15.609578263540243,-77.5214562881738,-157.0308701904287,-22.669194507067004,112.26030209959208,117.0447474550383,-11.192652364487003,-174.53035051478946,-155.62500326831037,13.257144246330427,275.98431308775616
442,-10.306059124762214,-27.273257122020368,-16.36447568557196,20.85135731720311,65.28755693217863,62.78399328009618,3.9740215719648404,-125.85462946341431,-104.55400969495531,-45.54626197878133,44.43099716704455,-93.62137022772004,91.41625739914889,48.927753401558334,-165.6341378685829,-244.2359895381087
443,-9.453228552079963,-26.505832819178067,-31.297774184248738,-6.933650691681578,39.28528134156295,75.74284986766907,91.007621641289,112.044236217851,-68.29181872920162,-148.2462693698435,-135.39037998114327,25.338794704095562,119.23937413840031,411.9675290138582,125.1420590841226,-49.035025734017836
444,-8.399867263904525,-26.06399397979476,-39.855793092779095,-30.769371825252165,2.9058733548290547,72.4291620015174,100.64113594751689,202.35188055884646,136.33942979299172,-39.08498125416372,-170.61525974936558,25.775016090085956,-168.91929341029027,35.191867988075614,54.837533266458195,180.85063973745855
445,-6.3171295992915475,-23.658377363561158,-49.30839933664174,-60.49231894019431,-31.64987985823609,-0.09422622886086174,18.469705851428444,66.77366766807245,329.2153432581581,132.91976680370317,108.3947627070338,-54.269886466777734,4.962244562382693,-249.81647632646286,-278.1926550867138,-285.83825845523097
446,-5.114350057222509,-20.270833229288655,-43.09797630082812,-61.767018463971,-64.19652297319226,-72.5774675653629,-51.73272486402493,-0.8786585340640158,139.801099303917,106.36698502574836,193.4264588847691,31.02957490457584,413.8631290642661,142.06100946496917,-94.35965291695175,-178.06525941638392
447,-3.641066664126811,-15.634577090002495,-30.086053841583634,-51.008862254232554,-68.39762873550444,-74.6044734969073,-101.27732393959013,-64.52517875976628,-118.33716798573369,-119.07830408026712,-24.19113347108396,16.36349308213039,239.5944954196748,93.22084357558242,160.6653556512465,121.29475142862066
448,-1.3177047170311198,-7.37519936940771,-19.648655784052607,-34.62369936927371,-39.22885883528852,-50.70388607091627,-86.40253072937776,-94.29626592559362,-143.971108860369,-228.03024493095654,-147.8975317302793,-48.93608033209421,-183.81271478027338,-262.6828457869865,-65.57751264104445,-133.04214279666485
449,0.27529159308960516,-0.6354190012834806,-1.002635170954818,-0.8461760996269732,-1.4376533873455628,-3.053824770859137,-12.21729576017242,3.557116616415442,-44.86775543249678,-8.778556209683302,-42.46950029544496,-60.1700263762682,-62.3708938727068,-134.9355227881456,-14.078932105196145,-200.20449702703627
450,1.8272545797008206,5.946723429689882,16.207610317864237,24.347915661613115,39.67208533622488,58.92380513643366,71.09165486938582,75.66829959613096,131.76202649492916,151.43339064412066,134.7925580457577,-73.74640269786391,144.11798086417548,147.4772176320107,353.41038446504535,183.1613185886672
451,3.755558701846894,12.886989564719443,30.45961571643238,44.95270988950597,70.92779709988827,86.14506695861564,118.40449452773828,110.49246515774576,116.5848713119849,35.28628271528214,61.54722533435233,-42.274357604351394,-0.00016110538854263723,-61.17845187728835,-36.43481146527847,84.18422869795177
452,5.499262798045493,18.20826718371427,41.47939524684443,57.15386829315594,59.013705245155506,62.19141353456689,61.03307834691441,26.863548504014034,-51.596186992144794,-113.55880364185941,-173.2716377253164,-27.9444190674659,-122.46576975595963,-310.1609342316433,-293.3925231179019,-141.3678148380568
453,7.308069663054084,24.387548998903185,44.28748902013467,44.72432984996885,32.539610386416825,17.265306402843635,-33.174505114220665,-122.11930911482341,-130.18535745448025,-155.09732240500307,-136.4703496618804,-37.11183536235626,-49.769235502535594,-27.478080564699667,197.66891773483803,273.1872644880641
454,8.726347441441249,28.172665576972577,42.596395131842655,33.90548005498022,5.042386339176119,-38.995006352439304,-94.85023386990724,-130.71854727088794,-91.24948810691421,-43.2482269045795,223.42384543222397,-48.56772025280878,152.3640097759635,83.2164924048675,39.08494226633411,22.92015121418808
455,9.69270397429409,27.93146351026735,33.15105621439761,14.869857321293239,-36.418188312539314,-81.39983869781281,-97.09435791248325,-30.24653020032565,31.880951490835287,197.9615089488325,411.2238237758502,1.957860167597346,-19.394757889342145,-183.18586157383925,-316.90939967754457,-250.99568308160815
456,10.985065678165483,27.69151415721899,20.393341656836128,-20.79711287333157,-61.821727528435076,-80.29298892337647,-36.543511907908396,78.36216571522527,82.99156227488129,299.7022528388661,68.33036288105359,23.986859438731244,-249.77080253872555,-215.17446247308544,40.12585132754975,236.4556032427936
457,12.469346414744905,27.46833864652035,7.731844643432851,-43.40355066289885,-65.32823706119689,-38.592136804445545,52.43277358432897,132.0469811994626,21.285448401067697,34.63667100987368,-264.1593452319157,-27.624304780603552,49.3168710541504,79.28829100067196,234.328841341121,6.308953103565727
458,13.357799214940314,23.30925367917007,-8.219574285742056,-60.83025110847484,-38.57562668173068,40.61912206448142,94.07728642366419,67.7662678129418,-57.83768099070585,-157.3343885239592,-83.29495586921985,46.710034589576594,168.65849487346713,51.39337695322229,-212.324721597015,-190.11768984507944
459,13.64265856556267,17.195366580553127,-21.005217276189796,-56.233068995932626,-3.832627431047513,92.0433514281267,45.545226626676595,-61.006425430765375,-89.6003651134597,-4.60413115454503,103.58245723946675,-15.74061365854169,-97.43661255820189,-201.8392836258554,-242.65257306245985,147.8289266508218
460,13.868628991589503,11.691095902765483,-33.24763660971075,-33.65284159831572,30.476590075016247,82.1148852373899,-15.80686725967098,-93.13199714840448,-31.908563418095582,121.13072294526137,7.826402623071772,-31.057545926606792,-191.54057819087757,202.69706980625506,256.1879222466814,99.7439685164718
461,14.040123417511495,4.71464808931978,-41.62179752624252,-20.01082786702227,65.3922264496241,34.916547774657374,-81.10658605171557,-50.759364701472805,102.24683873343747,127.25639694031997,-108.0770600888718,94.68677160023054,21.046978017140646,510.92729680896264,-76.38948183730099,-156.46410148323048
462,14.31510349357086,-2.7066010673734127,-36.937851669292286,11.654856567840397,61.93232373494175,-29.63499784916712,-94.76646939652346,39.92864394085336,127.14542266102217,-44.08445742319236,-153.07248686104867,-53.543751175682814,151.61025836084445,-63.78925674189668,-321.6749609759863,-9.172415388253285
463,14.1843586299874,-9.157823869466483,-35.49654439117876,43.230693206043725,41.76140387000669,-76.91229136155198,-22.20758476766059,129.61431328258186,-19.438921599983587,-188.15616206056438,41.243816900007005,-46.45722492501173,-113.94016283689416,-285.6603885682489,288.48894575277154,154.6185041553981
464,13.131309610604148,-15.891913860571549,-30.87351292202038,57.715078706848544,2.9580994230827855,-91.82976277544367,46.33834050561927,72.49036510090082,-98.54874476591795,-24.275694337564346,212.67048673443605,62.03686251431455,-133.96025039591768,185.89847512933193,296.0657837526196,-219.31609641580144
465,12.626050255357768,-22.14003379427595,-11.423236279337289,61.25458767251712,-39.06862385785371,-55.48289478622792,157.99364628937474,-28.67252110424306,-69.58299742809322,103.87322564063652,-0.7640075586714374,30.007924571189605,409.8862006058189,113.38523462332432,-140.17928684420258,160.61475314560812
466,12.144358777599336,-23.93278313634346,3.9068868745252985,42.2344059783627,-62.50748294428013,17.33477418522125,223.58349146693217,-94.16637997653743,10.217910520084843,75.16775372085249,-180.7945150993146,8.252381833238893,486.732665848569,-246.31988881076268,29.423359883341618,542.2071186256944
467,10.903045865981767,-24.410282800697132,18.09647797730031,21.556450845793734,-73.89389213107006,57.33962603778491,66.68502201794763,-98.77970641411957,108.75175286110607,-51.52420249309216,-74.39049994423112,-65.83242945070498,-90.29319480084814,-58.85051249350272,177.22479391940396,-247.59732586728933
468,10.171958706250734,-26.265785868446983,32.935717150598066,-1.8993637185540138,-39.69491454666877,55.0858645629487,-108.24887254301575,10.971591057423211,55.80095796945534,-163.93904573798864,83.50989292962458,12.094242998465006,-143.23157541688124,139.87276788677536,-142.23974914439714,-154.16405559873965
469,8.678935857361466,-25.6720717351418,41.72174953857211,-30.9396824587011,-0.33215019007911906,41.07608753184104,-106.34331578678393,104.07000757061905,-88.05375235345127,-14.207557034591446,95.76324659695001,39.329977286875305,190.0297077204159,-59.51319901201532,-44.490517615800854,159.1869203690876
470,6.699603227688385,-23.575297848304217,45.04731395829367,-45.90845192761117,35.750088289666564,-6.596691435957837,-28.078936225516372,117.15489528034959,-140.51152771540364,169.3598394799701,-80.53438286806795,-47.44614751440736,89.8348811071628,-150.24591548102944,170.82383303369534,-350.8369088233012
471,5.415339226150536,-18.97936446645508,40.64808174308564,-49.81453240154315,70.09163156785417,-60.53049031113369,26.056731501266768,13.014068033146032,-5.284675308532314,119.10882643739387,-185.06506438887118,-22.054400076686704,-138.67826956791396,64.68147524641881,-79.89235851824014,-166.80718646718014
472,3.655145078928399,-13.167703119102953,32.471508136821285,-46.18631137189277,65.37091052474807,-65.05819165322828,58.04612814984284,-151.76599922224705,237.36032587671798,-76.85008157764605,1.5549658708378047,-41.13496674356554,-64.79144478224043,77.62157235555605,-126.2893884246023,141.60912284997175
473,1.9991871225274735,-7.958869451301325,18.17414403652765,-32.84051390754939,50.862672961764474,-47.21839816400461,60.96207006650366,-153.55914738110005,314.0978587282516,-155.91080116414014,156.32846772241282,36.23635360319395,170.04732574310037,-118.83912621333639,163.410810352334,-162.5369483219547
474,0.41307512993898854,-0.6313505558300676,1.670897839592726,-3.154265665942148,4.308647280248806,-8.795871099679061,-2.592365673292079,36.01495318756497,119.1462050474729,5.288035842149839,27.6743351229361,83.78228891903393,15.470619920452009,-77.815801650906,172.10838992528443,-160.35117310321948
475,-1.6612034151621629,6.206732074193496,-12.945046701377578,26.143065455744363,-49.61703353850589,46.133294989977,-61.254061512241606,169.37897722725756,-122.51327881866018,136.4883103481916,-161.31235620957432,88.57024898227809,-256.9587058805191,147.10720625345039,-226.55107248880813,196.54577588384564
476,-3.316000118341435,13.011313011318634,-28.322100557761587,40.872071502757535,-64.86445759082017,84.21581265854002,-75.25688988449838,84.26219411531929,-105.42506438931741,77.94672773625643,-69.44165710796096,187.42966320679534,-61.62586127083341,0.14802775903081056,-139.10517250970406,-116.15129034644633
477,-4.697073038033523,20.249980249523105,-35.63684753432062,55.047700582618745,-66.83075662317515,86.63300115235506,-55.747418086917605,18.426137416012352,24.01279810651613,-93.93243533575878,306.6959413507702,15.293678483177246,153.00069717131555,-265.0773745683682,176.21128617510658,-285.3494226370385
478,-6.284862713586335,24.936097719333702,-37.09162450779513,60.77157777230059,-39.1019964199304,19.266259795749647,15.776899811520707,-43.36711282682518,91.74171662209847,-149.92811978756072,288.2435644101797,-26.546134011689674,21.105125914051314,257.77378368844984,-151.84007993024625,203.1085408009676
479,-7.860011974144072,28.482119505534683,-41.159722305974356,42.8260382073986,0.6107284851977965,-49.55450290506633,60.97768992427882,-120.68676785690332,83.58267661419086,14.63183625770398,-136.5873813912749,67.65669533814844,-176.92081332558882,495.4434202009261,-17.345320185920173,-48.07275248915539
480,-9.593086987415518,30.26814481852216,-35.473224673522054,9.512431060790732,38.7809222056876,-61.2852133867591,52.611741782471654,-26.84496947919979,-50.109203076397534,206.91172654891488,-190.71255957096673,-33.48920202162412,-43.81675085569441,-265.14133434225187,530.240993905315,-97.36943661503028
481,-11.137183702616312,29.87096873943301,-19.06596213915509,-19.110567999126943,74.70788159543463,-55.99724719058486,17.261501596869493,64.72564625555242,-111.76908681985515,283.3699918376151,-34.06788389341955,-4.339301437822542,144.5398715725023,-269.4974394248238,11.283951860445086,567.9405753400351
482,-11.951685815691235,28.068935076415983,-7.657513296624529,-40.816054723096386,68.3660280466438,-21.521279339844114,-59.350362136858166,127.03349152207375,-54.334182333877834,47.33392438650844,79.7716353016267,-13.851289480222022,-31.106487614219077,258.55136718642825,-412.66666040677774,319.705888558281
483,-12.971078440784368,23.427031248596904,7.043584363089394,-54.65524318691223,33.60195528985423,28.53170028866134,-104.09584229713073,79.52609794546152,66.80408163211541,-147.63096677152862,92.35643747236463,-19.810546111091753,-137.25266604304488,38.281550273359244,200.379049654111,-277.0058295465569
484,-13.482222535116307,17.44105124214093,26.63503673507148,-55.00182578111526,1.5533145665995107,62.907556238902544,-64.68741711838084,-75.06967474757403,155.17675837991555,16.050340257683274,-164.68982811657997,7.567773883278733,258.2619143703778,-199.48547749958016,148.64008942109967,81.8047257544531
485,-13.360098380779164,10.69690287022604,38.60587958749602,-41.17764391217588,-32.34357381467089,67.80904255508267,9.407152095576748,-93.82374522103783,37.93199199066294,119.09768288625855,-160.13509775209104,-40.892473330303346,508.63002872384095,-18.376694557175142,-282.63848311370975,125.55560170393437
486,-14.384084667167372,4.07015075561867,43.68676959914046,-12.678806689672456,-62.098520619796545,30.304059135346506,87.2007829790382,-51.980024037271505,-120.50858508672536,113.86626683579016,100.38127173321027,0.018346093462241697,-60.6477436964924,82.28127389498331,119.07903251466473,-393.06392644428706
487,-14.271454152810293,-1.9774998465736644,44.52860000393048,13.107201667437948,-74.1674228338079,-16.99718838316585,94.36445054782234,19.213262437755475,-124.47917994895397,-7.927233269372664,106.44384983666987,-55.851783362682,-309.03267177673115,-151.27515488454446,210.99672359579074,-14.253467249553069
488,-12.88466715505001,-9.26851213554528,39.5801642071965,35.22359941724699,-50.30951883567468,-62.22910376170603,10.181352104598773,95.2059078526654,-10.494834804805578,-130.3244914872448,-66.12946598443705,-141.2453488766696,162.06229674209317,-201.47195043109605,-263.98016663612736,118.25849641782406
489,-13.15086941165282,-15.792714717298622,27.022183539407706,52.90357116417363,-1.1405658111470984,-91.75875391951195,-50.00089245488198,72.805101438993,103.07863293683477,-37.52467885297665,-208.93806145129724,-17.07556291351284,142.0092445375485,117.60825400826252,-142.1998962356439,-264.8442079405795
490,-13.04652355239432,-21.403555067789057,13.627172639871787,55.956730124416936,38.95962803202019,-60.148556832413306,-80.16579839737824,-41.910914855863666,102.10220367243892,59.78188111123745,-85.85570201901464,34.853319168693815,-205.8178534059407,15.054323750277035,289.7460589170008,-68.93123525378178
491,-11.685188269500031,-25.76335434464272,-2.420334292237385,49.530712108823536,69.6716298441952,12.096314628481196,-84.35033641667542,-138.29947004804853,-46.3101785343606,84.827351715634,125.0448138750005,-50.55939429109094,-220.85599501631805,-247.65596240897685,-16.27854220776021,15.522733556601452
492,-10.939956456429172,-27.53911053293359,-19.75441566435802,26.207403125379642,76.71978044775915,56.37389685678227,-11.567904776391515,-94.1242433661464,-184.09899123586365,-41.919775816233596,37.58937067499187,-29.793065662342997,91.42618675679842,61.06200958059162,-296.2953137124741,-137.58001648796198
493,-9.55895689717181,-28.046123597757287,-30.923591901908367,-6.749632988935446,50.02338799046083,66.76609167928837,58.5369462566523,2.3248109619526076,-102.66086985210859,-159.78993045679817,-151.58789427473948,-39.39957683640114,149.0306315433554,345.22766479821075,184.04432965544675,-83.90868158545345
494,-7.59693578504266,-26.68783113342488,-42.346774124189324,-28.521308766647053,3.7633843169260217,47.82582944273054,66.46212319854385,80.53330973110133,85.73426490394195,-40.333767567648465,-131.89580581156588,-51.9906457078896,-177.65897748271527,14.45929504160813,225.84274570464913,38.36179187739617
495,-6.715601521807002,-24.85535821420217,-44.65074599364016,-43.60902935337435,-40.92819672886617,-9.760679224097657,34.57683980559523,93.75432139904296,123.78063904649753,107.68896132629015,67.21466217373859,91.93177975931667,-96.49963942270551,-252.13192733074357,-186.91535448500235,-122.36667339333508
496,-5.198958191809652,-21.101813073359153,-36.513086247518004,-52.73129462523775,-67.9961751927176,-65.2514311769146,-41.74961294836248,-1.712326982691593,5.002218940346211,83.92949039370797,124.47200349059972,197.07403839484869,182.36757190452772,124.11785487310954,91.29591456046455,-14.522573524634936
497,-2.9963566790111145,-13.236398935945545,-32.54767261597772,-40.32174087549356,-75.05609284182265,-91.48215159493975,-106.3837223387236,-101.50683856799151,-100.05713019194809,-79.63011068167543,-49.65530448058644,72.76930050424744,61.76126214505348,164.46802809248766,391.2719765877209,383.54863324103644
498,-1.5188839503471172,-7.093780979446819,-18.661070237416425,-23.881604074492316,-49.14468840304835,-65.54198611558422,-81.59888479661458,-125.95287504037697,-127.82121314742835,-167.1636903786748,-171.0204932400468,-75.24820303449724,-204.98324731123284,-186.78667273151223,-125.60809835428154,16.358647724438924
499,0.24819418961487827,-1.1983192242514633,0.930308175900791,-7.554764858482486,0.9291731394796443,1.8699552748084898,-15.154440561847878,-22.413405160797993,-7.45111325065227,-52.867829677335976,-19.400069849126567,-42.95124232030048,-103.89760524846497,-35.41768496071563,-208.68924706577764,-154.2664849615685
500,2.0446169224578625,6.541626591400018,11.41294162050508,24.17046339945955,45.95970203734214,54.10001881981498,134.75800554805028,101.98494615790696,237.68228514900693,134.7178409390326,226.46033315784598,-29.015147810313465,139.05113672510197,122.19533283758938,269.8212049038675,231.0584963127185
501,3.517008305158015,12.512903236867714,26.870577747560674,43.69009735103464,64.27786000900505,84.86479980984768,281.91711323938944,116.47398036965751,218.70486140485446,112.61757819493141,65.15404310030817,-3.354937822606189,-34.89082470459107,30.157648323218382,-91.99666936243557,-100.03803216181404
502,5.282188102220971,19.537366104808825,40.812633038582135,52.606553275328224,53.78456114861456,73.95222023019141,161.13115928434854,41.811634369143576,-34.18312990687991,-78.77699944307096,-181.1825177646374,7.711889914256062,-229.1860909191164,-123.55923119966246,-347.8650373686078,-322.48268422775436
503,7.0098797607461165,24.53890463467178,47.14271134906812,53.202768511016075,35.97191796532843,21.01318014446133,-12.852433147891134,-84.99458514663274,-111.75681732440717,-101.53340421486791,-103.31413001757574,-46.30979698882675,40.71340349888487,-48.46664316265378,187.25552753301417,162.14882362626668
504,8.615611013259695,26.534606537514264,45.95441001679137,30.55093111862152,7.046356433143046,-45.78544464307197,-74.24198965191317,-122.05805468943436,-74.50747507507185,3.2936844294636103,2.5598046234561025,-1.1701054304076024,441.9128604104044,82.3229802796177,124.86156976158782,17.4228432384989
505,10.054187476036532,28.442345636257414,36.49826289185148,9.26538960423386,-36.74988192838828,-89.35158364677864,-115.77688651213248,-11.575387611141196,-0.05263108298822772,205.76687966944883,90.81889688821548,-4.3865229544680915,155.23001976747764,-155.24843799832524,-236.66016038204907,-297.71887874593085
506,11.143752256652078,25.63218168259391,24.923400276982647,-15.303320243041526,-65.05025671678231,-63.02842576068633,-43.04835109549458,124.18865670708328,132.38195976617862,310.62372929247795,24.997589841255376,-11.80415295059629,-324.83402261315496,-120.87113067044083,87.28303868710282,110.95434642392502
507,11.93093624409994,22.96711331235656,5.735417962663632,-43.63436449020446,-75.11312727842414,-18.61092533552437,57.717321865166014,128.3554274039634,96.0112303878559,-46.280064632039284,-162.90533851211012,15.787711321362622,35.24627248189063,134.8296963612229,257.6715786156892,-44.68412462100969
508,12.843822382248618,21.271423434244753,-8.988662081595976,-53.11950808566871,-55.79700346437585,36.31512285475765,82.10344990099111,27.670562324216007,-82.8948586282786,-246.68729676810472,-90.37116666335896,-26.901363279009274,197.72289657032525,9.32027752097747,-185.58079334745162,-324.669162455335
509,13.98048490340625,15.868530437209301,-20.32279556036883,-49.54581901797019,-6.0023693485436524,100.04944030756633,50.206068845545815,-59.62381416644348,-127.95388658090087,-2.8467273047099297,170.05698553236334,-20.851163974281917,-204.91486117050226,-231.76713225817002,-229.39019788366022,217.0308985887532
510,14.60047143357042,11.378406551493754,-37.17116836709647,-38.70901102243624,33.05079992193714,82.76843040918084,-34.13656373556296,-115.15294252822059,-36.505406583528384,89.68071377605884,149.2770092467781,14.878003600224474,-224.42378829156223,98.74874491121591,94.18935894020979,118.17704600747675
511,14.83700446734656,5.104715188504997,-43.97692046269367,-21.9348901512235,52.97212410722841,21.417990544483473,-82.84893840037694,-55.68142730514228,92.83120185517328,29.903435320396966,-98.80551472637035,21.766435894889582,95.50582027736527,465.8766283077166,-39.603562790494834,-284.9446498834004
512,14.663960886224231,-2.7754319051264247,-43.55697838051856,9.117501811054353,63.97855314225308,-27.12463121977089,-79.46866324497387,95.2909245520932,207.16793252591015,-85.54897142887785,-74.62796152211104,90.25873772624618,266.1623504238378,-8.02833230316719,-64.05868290049511,294.794253279877
513,14.311731540623441,-9.525005308599248,-39.727861534842305,34.98590931457875,53.65847481776564,-71.104232067064,-28.373347772700072,248.57356403078302,130.62782099152537,-209.28379491016676,155.32468734573968,174.90077207154172,-65.52292222729011,-123.69552489194939,373.28526741714995,405.36940439736645
514,13.682910714340323,-16.20298478413042,-27.801132441871232,47.8402296540753,5.687870018995454,-67.39354437932252,73.76755907311599,192.40429047193902,-111.71545166256692,-69.5503369631806,231.80821050400027,47.39016111543606,-264.6682561922207,299.5460511254587,255.40701649241055,-318.4010928804346
515,12.806859347119826,-20.77964250293371,-11.976935239201339,62.11387428600028,-41.208563910426165,-34.81361151067813,79.88958319911035,-58.306148684008804,-124.36617593580013,147.20778713439722,-25.302725896141965,-83.99822293559009,102.71339808945777,-1.7818320503120049,-308.90442900030394,-37.982595010355
516,12.580390922335937,-25.267510315240543,2.8797133381794993,46.81815410833133,-56.157212496586,5.692799776424181,38.282732293031586,-115.04471971663588,54.3608671724578,135.58612620021086,-219.5211291789069,-21.16713965973213,120.12864331153105,-274.8903859119964,-6.095302674779305,293.3628514729644
517,11.099699290240096,-27.627119762196344,19.049724738441,19.257504284003517,-63.27734724346101,71.43852993973815,5.986755272671871,-86.6243404547422,97.24712227068812,-47.045516716672864,-62.99175846269645,-23.822228616634675,-142.20008116445388,-5.409194574102003,254.64604035310185,-273.62595651632
518,9.542536713892332,-28.52070763061147,36.209507993437,-2.060409118588268,-52.47741471427889,87.05616584185736,-84.94057722739672,-19.70210978113755,61.32486254443211,-129.47469114660998,119.73214748091368,-1.5558508661579253,-44.7684155216848,83.86134497653802,-224.9579359400741,-41.65364349013544
519,8.949045774095794,-28.430627812235798,43.66689005635453,-29.72633630036762,-3.2595703316555955,38.58926598985818,-87.77875329840026,138.307642890657,-44.18119563331129,-7.989676665260049,146.387884491995,46.569039150219396,135.57345463692036,-53.035536890103685,-61.67569527807973,299.9308135572355
520,6.998135074054517,-24.76802350505659,45.740494389820014,-46.30567625476942,47.63773613518788,-8.283472581810202,-37.76780070118548,106.40572025639995,-135.5726889075304,124.90997087678625,-108.36010419360491,-38.33172767017277,90.69906764940242,-163.826712551936,174.67885272501007,-293.5729160749761
521,5.279604209164972,-21.180541129330777,41.65548965858579,-51.51293789557985,72.64063742722828,-60.75097322850888,14.806041796582576,-32.21614654389123,-73.74164240284153,132.19125379576508,-237.23960840762402,-82.90056266501779,-171.968044095629,91.13467137418229,-195.73452723134506,-248.87617057713214
522,3.7402175155166333,-15.320502429663975,29.423989991550116,-39.976821721449596,74.48084355766878,-100.2207040917474,89.94514410531701,-126.93099807465478,69.91465237027296,-65.8016502449027,-9.271678776003228,-39.841851060400586,-119.24141025952122,235.4759047199732,-256.92624010957115,225.50930884471745
523,1.8226806326656515,-7.99696722923909,19.132832185139705,-24.460425778602257,49.98422751291491,-65.30650675855213,81.08228026564757,-141.62428682386235,124.66868446656008,-183.14297207647178,105.70764033963997,18.472563955197984,204.99907383491518,-210.16553918069803,110.08429074481865,-63.788223313269555
524,0.38704046650127566,-0.8276381307459815,2.734077519731727,-8.989655326350658,9.854416964883967,0.574671055555882,9.064353004840086,-29.523440394186764,-20.977438739617355,-25.831159250999917,33.66177266389559,3.1691485096562246,43.51240289886482,-195.1229317899306,149.22278197504238,-131.74742611750844
525,-1.450000977696618,6.849167304817456,-13.93690477819655,21.33587339976566,-35.876959643011105,45.468665995160336,-82.61369682554505,82.60248298157967,-142.87764388406504,105.74831408144746,-155.91651936201833,-113.68833858758444,-272.7845987314504,234.03845525286306,-192.7365870651356,144.31225080620789
526,-3.322571231454276,12.477263399199728,-24.248845631194854,42.86618165476921,-57.992616014345,73.92464615293648,-116.86743665014365,81.62662898116105,-129.35710739839124,100.82878302566314,-159.3735958931593,-106.88863869750094,-73.52469982564799,64.78111227880072,-113.0536238349705,-35.09948288979649
527,-5.017650515123933,19.053266676733074,-36.98723438777597,57.65234644673228,-51.5910106693309,65.4231076227652,-53.838693988800514,0.2681797497716616,-15.085480213936535,-92.10946220767073,134.65091439820435,15.480775751646433,249.41087529729703,-154.3322433607209,127.7923484663661,33.184984165818605
528,-6.7892194756132085,25.928527265317825,-43.8996052297789,54.753577588509415,-38.79761223436799,17.485343273566286,25.61161678325152,-81.21214122385572,127.19527266103978,-200.86220619991582,157.46513261763175,-1.2173635983490385,14.533489055305836,257.61041413793464,-23.326730251981644,483.59120305630495
529,-8.11167932758326,28.23477155684668,-40.88607753291399,29.37370956123914,-7.250573862119381,-47.32290256341639,94.14957415101526,-117.23371946020052,81.64647903959121,-10.538225439049711,-98.4453236956706,-36.32470928666589,-259.7224704529217,482.48686324629307,27.295389659328066,181.03253996293643
530,-9.347154898249755,28.13464721937271,-30.775147902460958,12.76871040528249,29.916019615715413,-86.06411315506921,91.54176519704924,-42.306267393119924,-71.05262634405517,110.39614377594626,-167.31733928907943,3.8933361509643873,106.94540275319014,-108.44351496052332,363.71936403587824,-274.2989985655149
531,-10.606244016063101,28.37231703696125,-18.975978806558487,-18.115828560894442,62.36533031258932,-71.2193914535901,-1.7910274304013,76.80154132397001,-133.9595948119677,77.57459113958248,-12.86056474990528,-33.785878076745576,435.3043240038387,-233.3626618545768,-53.50007292439841,151.18095428660308
532,-11.579759619407014,26.387627473794055,-7.503866514776746,-47.94950296208526,81.41139767402001,-26.426551601639403,-63.94442698968487,110.86680867801624,-79.56342732983467,-52.66046890095822,100.09917668743219,-14.531719567379696,4.067553600893007,201.40047663714904,-387.9990808557959,146.23615876727854
533,-13.049892243465365,22.69272434478171,8.455981777318812,-51.51219296671843,51.713976737023586,31.99081770922112,-104.91591036996397,44.865266227774555,71.26613197045663,-147.07789925213365,43.530680248448334,177.1036767462956,-347.3313203302532,-17.031546273548884,197.8412445843387,-193.61305327013542
534,-13.983166693763451,16.66760508234347,24.618326397230703,-56.96612494677174,1.0748377450372573,75.05120375881506,-94.45484303084231,-70.91552526065789,131.50903801722598,-8.897561829035112,-82.83728693434205,145.1518133096488,56.65578140490106,-203.80631666310728,107.80192379864457,102.12322963090264
535,-13.533167076402606,10.532639756838762,35.69194660548055,-44.76113538540358,-28.73604575474019,69.49374544827151,19.602069273743837,-135.25352445638418,6.864709167079127,150.22404890579128,-71.49605292008164,-37.40655098161733,193.68614867699216,-27.30763615379692,-292.5915139238823,-39.782951217996015
536,-13.557369165274395,5.741541242947278,41.25091423548474,-16.580955756478943,-55.9438144547712,31.795290475914044,90.10257817870297,-93.16783537427546,-88.92828877242573,172.32767426369537,172.04613524769957,41.432928024243665,-79.17102485749638,57.999757167166536,-19.24207251091866,-362.4222521348711
537,-14.191942619956535,-2.6727059952900163,41.534275083307875,9.46907897768051,-73.10389824641425,-26.867244133177337,88.16761033952207,39.04387836100068,-87.71780515727733,4.875277085691778,193.90693413048575,0.14600416401844996,-86.87953299627407,-43.932923487482185,115.45752175210146,80.76934490973508
538,-13.717773178163043,-9.523337705199083,32.8596933317458,38.470560171007946,-47.259527373207675,-87.04865994194734,24.02887900960195,126.22904363950511,45.95463132916484,-175.94957103185152,-101.21553721736018,-105.15569797424723,32.26937746560725,-150.93592666865152,-136.81017636874822,192.21958896952856
539,-12.943406799336117,-14.75729640870486,23.37524697769004,48.01044808974348,-0.05384057528863195,-98.2376492108533,-69.33926362339844,79.56781525271072,283.95356491874554,-43.9423863146003,-197.5183353900129,-32.83401774912272,85.64487195042602,107.25803216689383,-158.2368782160156,-294.2110377707213
540,-13.041572749887564,-21.439192895410088,13.889036342661711,46.84106641090921,34.48173514111113,-55.53169549757422,-114.71031857312482,-24.58029322938819,263.2385094430574,99.25299423624529,-49.10502194695255,-60.912524849951296,-67.90340925758937,95.28290052161537,164.37385693873875,-27.472954314369417
541,-11.766107091446429,-26.329034119718926,-3.6274160125030903,42.79366135901273,66.44124581161941,15.056412086026285,-96.65151722028531,-89.74024554969219,4.74454690276616,35.36036232612969,160.0632470036844,-69.97540988447327,-113.05225613279617,-208.08880824656444,20.399923251748987,237.24918596465432
542,-10.168322518517925,-27.626004557958368,-19.958376161383057,21.07127032247945,78.66792469777738,67.23502166118669,8.094333501932852,-64.23390356930031,-121.88501482322317,-80.84740482765119,109.2172533017374,-38.6004333795845,63.60890322746127,-75.22271724953316,-202.52164784644992,-244.278177635686
543,-9.70098857859739,-25.32093846821863,-34.419662445368886,-2.8633025064209505,48.819738865939144,79.29695501497281,89.66876368587691,74.14207046137017,-56.51362746555242,-177.6858378971483,-163.64163626090976,-7.923560549113972,5.896592927223537,151.68864438907258,312.9441911736358,74.18896386237611
544,-8.114334227813742,-26.068995487317807,-42.20496079589611,-27.962616714322394,7.407138284778739,62.192725007425906,96.85889371600206,233.53601301302115,44.13391239718476,-36.847720939749706,-143.06209936823507,-4.984235578645894,-121.16603100275097,30.724996402594115,453.49713549320586,487.2152996720106
545,-6.36898552270668,-24.976910206753928,-41.48780567002541,-46.721331742622624,-37.024062504262474,-4.260766558645628,57.21153224463342,152.87616065630573,78.46159882143547,167.1798703566892,57.5533820426499,-30.169446800233345,-52.77473404932243,-92.1998988941341,-165.21531700595006,-142.512446481378
546,-4.878324286123643,-17.76372275378344,-39.923017090044596,-53.55527543139351,-72.76020188888833,-68.23095886809551,-43.19554557171796,-47.08786188752856,23.003391125886992,113.63094886653198,106.09078827116355,-10.310436955216574,108.16926010814495,260.505505513207,12.225038420059718,-120.13864377922437
547,-3.1767955902769245,-13.151992142456947,-32.901569363148155,-58.592436297519725,-72.27589216661272,-91.00800695960334,-132.54494759104273,-83.0549839532323,-79.32537480373139,-79.45738271119262,-19.893995698466824,-73.71779355617582,79.69911022584711,399.4125617843092,304.52792452745416,207.30953357342514
548,-1.6281603073493898,-8.163860235219545,-19.154124282438715,-32.675290019875774,-44.535773018471446,-76.15730147142949,-115.31757536452642,-77.2715994046157,-83.09214690858062,-189.91667720655096,-151.22377926966874,-43.927137397256956,-176.74466322279477,-131.52616520021184,-190.92545664863064,-242.78000142732344
549,0.341922044975945,-0.38146984788181726,-1.9443462155286397,2.2374579535153316,-4.6001379170120344,-7.985071561814038,9.74914134984283,-33.249903783143964,-1.4078176396724302,-32.988286173844244,-19.029367621709753,12.237226529374311,-27.099392076503136,-139.02111681026145,-32.05400759395707,-205.32357904769015
550,2.06291728915312,6.440857423900525,14.706264033804473,20.437809477283736,40.358642037778736,44.26623299113271,73.1790867623422,67.01021403483173,59.44172760762012,148.56096557492492,159.7392296257094,-42.96454156030086,451.4372587121761,205.109131357367,208.7507811518044,120.203035137587
551,3.714013443550357,12.452751968303346,28.212698271681802,43.689633657165814,61.14690731105202,78.02601320820759,80.35301098207856,80.79165320658649,55.14654813414381,93.23924805576462,51.60638372582798,17.263547485759773,256.5787559801247,-6.445493975093996,-96.39516252929025,-131.67496682830097
552,5.4927764461299375,18.728259208794952,34.73316605275977,52.91369680617072,49.903024006734086,88.54574145433799,69.88295491676399,20.19688383742323,-34.5803256753934,-56.09585680775854,-148.6466489055274,43.24322863800626,-269.2209486802458,-136.46518367252793,-127.35624294356239,-257.0957939134605
553,6.937196029128245,24.59337387785945,36.76434690277347,52.88961603637381,37.33264439163213,16.013035207710345,-36.93847526935133,-78.03979007205635,-101.06706630000554,-145.7064846735193,-170.35434882218942,17.856272543094747,-98.1466619638959,102.33903972285407,92.66874311675201,124.88176433766057
554,8.416688162105856,27.794847600476714,39.0888655631843,42.321340910737035,5.833953174675116,-45.24986989298668,-86.43417712665541,-129.95273212277243,-69.66703751971363,-47.05507430293437,60.93053194985987,50.5686077881528,179.9362424940773,186.8522954228174,121.1328107680747,26.320011026349675
555,9.941348928403386,29.227160682943577,33.37676183961776,10.428781071021149,-42.83638060295107,-70.42532388437576,-70.8806157176441,-65.90346978658636,38.4663882103996,101.51536348016816,273.00188996294673,-52.286264625034164,-92.36698355400586,-140.91496350541274,-186.6486090190774,-306.05830917502317
556,11.034350384581558,27.156980438288883,21.18764717248996,-20.007868545557812,-70.08067579449607,-88.34394794912987,-40.56270637558919,42.68998998072493,117.42106100746605,59.78156581611256,87.55745310118255,-45.8964828331209,-253.6733901321859,-161.78942378157808,28.145884933117486,323.59890168149286
557,11.79167065830734,23.939002105652435,8.972269712796333,-48.04778794552158,-76.45427131094175,-33.4834138602273,49.53617670819949,104.51877305353264,35.06655002752086,-77.09257570332193,-245.48636230328339,35.32943668970256,22.23241540628078,230.95743926710202,279.9733449415253,335.97133842149196
558,13.06888593126132,21.241269762380398,-8.609753721681045,-61.962058330456784,-47.02055682192304,43.28808438100714,81.90541167671472,69.40852727599122,-77.66867404231016,-130.43837985039136,-129.9208886622073,-43.94926309856237,151.29567241313634,78.78559060277257,-198.66650541971467,-369.4918006683729
559,13.75541135066669,16.56130658085931,-26.52718288117285,-58.35837220272151,-0.1266193836486309,91.57512834621775,44.36560399229347,-51.806021130483714,-85.66658105474198,-21.74827715952415,153.08264949258955,10.132731741252428,-68.54928657679557,-273.05175528953987,-79.8279041454989,239.72861788030423
560,13.992893444310539,12.621564560619845,-36.440342752201104,-46.89274308680251,36.79569932162303,98.2426422554745,-18.47830486272869,-125.99205400278879,-34.901558459881926,120.9283561403754,33.68893024732097,36.695272952472806,-152.0023759022297,-102.91905670288907,413.9662363522475,314.24364891208825
561,14.990355092293612,5.065670985746692,-43.08522225689194,-20.251089743406737,69.99167642067641,35.49367587672532,-91.30149081424315,-69.46166640749288,77.63622960360226,139.1657163991149,-120.4668073430039,4.882031851066131,22.617812018557743,138.14031566852645,12.056275937273313,-370.051218584842
562,14.780069299022216,-3.4048758038361484,-43.55944632843784,10.21015598049189,68.71842091288363,-20.05263859331353,-87.98981523128896,21.816764519790013,108.79031436344667,6.711738213671197,-114.66991170100846,-31.83337624068372,107.39874395689549,-98.01461292174645,-279.7953078428036,125.76804798366356
563,14.320226799365628,-9.51883330266537,-34.78032754004562,34.728141542706,38.976026046073,-51.173694784805775,-26.280522502165695,105.06415351117903,-20.004087063323823,-198.29726612847298,4.47906238462383,-89.91760831080501,-88.03349266497389,-153.78409522138827,110.53869180725815,168.67587827634998
564,13.982695259233878,-17.075418906028062,-25.905836887288388,56.88676064967876,2.4090195570811375,-66.05486033037232,38.992029557965,93.86662750672986,-128.08133558994814,-77.74180703004822,181.51083913657203,33.25337843462694,-187.87571360723086,338.5889837500217,-24.75253974093721,-227.39811299728171
565,12.646169321389607,-21.03319249123797,-12.518565373055026,64.58696381887285,-40.071081785959905,-31.693950150100136,79.5260348885422,-51.567970746233186,-94.05738685931647,175.04655810586337,39.35780690840329,52.447943082812344,53.60867137982132,265.06101693001256,-300.55577840711703,-6.913949436879193
566,12.231743655289392,-23.298165260584938,5.792216220501359,45.48278919636141,-65.1863385600227,19.262390101865094,53.808147974647,-135.5612618118539,122.04741488592481,87.36321711981509,-139.22242202595044,10.77312704639553,67.18352254771162,-257.8594815322358,102.88642982399688,9.969600591990456
567,11.250108577423816,-26.18427383735525,19.761348712570907,19.549622654813902,-67.87358727175979,61.3688683818018,-2.4440678152095643,-95.07720103264728,306.145819238438,-46.78554056461144,-36.08223340676159,41.12371842986795,-123.94486051643617,-76.70225283704349,185.03209273990797,-126.75493338170054
568,9.616161471863961,-26.500690961740474,34.400674772559796,-0.16178607473011652,-49.59487182459043,71.03259731173966,-72.38299677453324,-11.352788581723871,168.52308341471144,-99.66667515775043,71.70531597623085,9.218910792986208,10.518381928137387,228.5584729598777,-246.6429658163288,-40.08365411207342
569,8.47035077304281,-26.38202353352517,43.99238912992587,-26.637033156444886,-7.209867772321559,50.15952190065764,-96.67717552372778,90.10982023764518,-89.13319828313979,-43.78795203513073,35.05391528488144,16.701446961344118,281.7610748117513,-23.538978210788628,-149.31521611655262,62.536524948023725
570,6.990988859646677,-24.449534845053677,44.673062750887766,-44.65856824447269,42.97628359240525,-0.45916697376924276,-35.827077550202375,102.35662363618758,-121.82841044352608,129.78013386684688,-117.46169862234092,-3.2985822795108106,210.79628410289297,-155.37487842133123,214.7776765359704,-112.70905181064882
571,5.65979721693293,-18.589764978576568,42.65016447378002,-48.81522394664785,65.98006545872204,-63.758672209001816,39.136277216624876,-20.97856496337772,-32.81667986781031,125.56567533707857,-196.37433478700768,38.40008209291591,-143.911196911562,66.58794964660774,-42.73944751957606,106.27188190875313
572,3.6104633461309277,-14.423037434501566,32.44092398227622,-49.172339845516035,63.621807483216344,-82.083921977106,107.10205059927102,-121.12563799088821,57.976608366996516,-47.66735217677342,-23.942874489912356,125.33522084338802,-125.71733873417543,73.85663487335114,-260.82279231041684,499.30423172072915
573,1.9209178368455468,-9.010711038292357,17.11581897360702,-28.37616783603835,48.22613011782414,-62.44480189242495,86.71139043774019,-105.11570514880441,127.97394702141173,-160.5493298468682,139.79064236924387,5.000293837802019,156.5709192667855,-163.0978917445027,133.8507429107558,-20.583530911811977
574,0.5438745907467819,0.07640922062273603,3.5010336646537326,-1.6714568159256942,2.318110698480268,-5.7310781051528465,-12.938326179813885,48.49680071815237,8.246123667267966,-80.5138409945248,20.403008728611894,-59.22272558444274,36.99027793627465,-97.67450654817367,192.1927492317991,-145.79698146416922
575,-1.7022870541586599,6.449388723049196,-14.051002474152483,20.91930079432973,-34.42290055051262,58.00110328216397,-65.91658204045234,248.83557903840847,-116.42051039075523,100.27239283590461,-128.32173121038068,-7.8179737900609325,-206.05767604371067,91.48471821323619,-131.55186103206142,293.31313002076786
576,-3.221213404452101,13.55041463022826,-28.84947479427683,46.060057763520035,-47.770107352828745,89.35582641653673,-75.57178012972145,211.64269097967917,-94.2436662176915,111.40877848217133,-41.526422264651046,-25.83718234794469,-96.48384675278794,-91.75938761043653,176.75398991130714,-90.07887221758574
577,-4.637291513620767,19.44195074133677,-36.76106215858272,52.9524771919846,-57.07807693830455,71.02343940834726,-49.77628450809425,-11.082080445317843,-34.42755393010884,-56.143988913860085,218.10862781337346,-16.28486690778118,135.0052751303083,-247.73168557333702,463.8188435252123,-156.43340005346545
578,-6.422125342178333,22.668088009765597,-46.25967981680151,51.34526440328773,-39.78786436958171,10.316968222945434,13.49200084273616,-80.53346126073302,81.71836900975177,-140.46085364683677,352.9277726604232,-47.09698820142512,36.92445992342982,-6.666637787122454,-149.97998449145598,197.28086153376353
579,-7.920169986498877,25.867843907942188,-45.37539749516145,39.39576399704947,-7.5186692516786024,-44.33300275889815,77.02471034179325,-71.702954015469,83.9399196936829,-57.463331862792984,-5.459594220115832,-15.874253169307849,-202.63261634654918,156.27605889582628,-295.5595486712118,-33.653920575125085
580,-9.178444765869244,26.46038414341365,-36.420888404951256,8.48304344863709,40.44634742210974,-85.05556281349527,88.25077695393702,-58.686455985269276,-62.39171653799349,126.23838622756375,-292.61833923681115,46.99637850437648,-69.31512743241183,-124.05640168218088,163.37827095633838,-122.93286827200063
581,-10.174285636519016,28.893334962920562,-25.787651578826626,-18.219940664060687,70.53900343125588,-65.40887571458916,41.73110207542777,58.72126918990398,-132.3859106318414,140.42944760196042,26.112282637597673,-42.53937938899435,125.10771007546282,-150.24576825676195,-125.67032702694996,71.77718692248163
582,-11.48390048006786,29.180341595984828,-6.42499298146322,-44.42363635191418,51.77652646038723,-10.288651338869386,-28.247867527607013,99.86103538288444,-70.31892157261245,-128.15747406318042,175.9687017661454,-49.14702640736323,-34.98257628184365,331.1774402733936,-264.9027970243915,71.90167273012048
583,-13.082649359484094,22.507059573578772,8.821714212668667,-63.81567495852073,36.76213418736825,34.45988099463466,-124.87239854664949,37.91040145980514,32.96274670361527,-220.28634469342796,-19.664983065260458,-32.78928916541372,-178.26160667975637,117.87168153605307,167.64503504700042,-67.24910411679593
584,-13.892890185617944,16.770222411526447,22.448412946732788,-53.43461404190293,8.098674373817175,88.7137374783706,-112.57944804424187,-51.822936962315,90.1727282496031,-26.322255392064108,-115.80423648496435,-58.474441918233424,68.65951733247493,-302.7712971650981,22.6120958118845,73.26372335882479
585,-13.987301105291408,12.157586235621238,37.47241300292626,-30.336715180635338,-37.14634102450418,76.11225622337952,30.749641249640263,-136.70438433331583,54.90153334923161,140.64957565000077,-92.35917305902694,39.51266280639902,207.02879077932448,22.93400448047032,-322.9512446804474,135.35355092526152
586,-14.187902783321078,3.9878715988543263,39.33712979709344,-14.728174090404082,-64.73446773242085,20.187076844933472,103.987855453277,-88.15591514037806,-105.3176066851338,156.73250369498055,82.99656018005771,73.01248995912192,-93.50193056392163,77.01087005776208,-42.27484412780541,-150.86765818638378
587,-13.981356489628524,-3.0827122159089413,38.82108887859795,7.49039267911121,-78.15200817017649,-23.77989320272718,100.93402808278915,29.91028839705541,-142.9696294958776,-38.02474198651544,164.08977698072704,1.8998278378439863,-87.45542675624893,-145.8637752637078,193.805336612495,191.77555530898826
588,-13.21194810524321,-8.588253518481906,39.4054326250407,33.01943576479243,-46.17145285313609,-80.82307222212876,40.48526487246272,81.39747078413347,9.40226112151504,-188.39036090609443,-38.958621896286786,7.807114439623547,306.1930019549545,-164.17355006012076,-200.48542424884363,323.4778245270063
589,-12.696809142002166,-16.69059278750683,25.674549293229575,44.43289484968636,1.667556753928693,-87.1754706294596,-59.06858732117689,55.68389687693707,79.14723354449234,-21.834162307153747,-187.1589141905606,-41.40381631547643,351.6777743895582,74.26145396905486,-248.29459399636107,-302.8754044577581
590,-12.141437089598185,-22.27676137486742,11.306122095351384,50.5894286439534,36.93482146206452,-47.789824724955906,-95.83708058313641,-22.126676030398812,79.02610786925288,136.25937616653755,-30.377902826901845,-62.67317504955827,-56.469273149246874,145.8298350444602,186.0381332919569,16.615688736150332
591,-11.522860612657496,-25.703622090895806,-1.039293464489674,47.67830895356269,83.07262572467107,2.464913958185207,-70.68685657260357,-123.47005468932184,-17.194078331041965,98.48817497673735,127.94628263800405,86.12022404794334,-192.67973682118463,-282.59449577146006,24.320884918161028,308.1492475931809
592,-11.029709883076066,-28.744435912065455,-20.623402309722223,27.144645688865012,76.89721501934446,67.31764746279077,5.414184223976918,-105.05794262002019,-175.08604618766913,-36.59334475357173,23.486535891752283,137.69509516129892,116.95790576601576,-68.72706080839271,-144.34701932741518,-332.3817973395926
593,-9.674008503554433,-28.877846291480637,-30.387124534168834,-4.123477461796028,31.438023899988366,91.72118320765003,81.3324239339272,35.00349597175955,-101.54955228284962,-150.01287061676703,-124.5547081888617,66.00360355967132,63.77825564822706,257.8244797505031,358.7040892705554,-117.82891978215775
594,-8.209998357927361,-27.630579751508776,-33.217532496362765,-32.48139304600613,9.180618337090436,59.86900571908882,97.41215785680106,90.8659707978004,173.13818442870252,-33.342733300916734,-124.82184679574493,-29.63468791239393,-184.87987084917404,-211.9222978496473,304.42190894965097,247.9909042728832
595,-6.982237635298588,-23.57517896842637,-38.38768346030702,-52.383094884901766,-36.996797271990545,-3.5673909528868535,54.11172971854103,53.805034137105395,210.9398392111798,132.2171468202323,61.966864706631895,-40.70818608716672,-100.03386299347767,-275.8662493060401,-314.7087081428035,-261.04952416390734
596,-5.027858210792147,-18.77133153101022,-36.105257960038216,-59.13033473051337,-78.44642750696858,-58.68297200991401,-44.710925483799656,-27.33788974943309,-11.622347338190593,104.84320644795662,187.0941371470326,-11.686778726474586,82.65955028539611,284.9228066463329,-42.337096282943094,-231.91699419746146
597,-3.114730521366255,-13.461321367781238,-28.073762773719864,-44.84047090764079,-69.41008778396554,-78.4256379547005,-109.11236184266454,-129.27220416077762,-106.94791745690782,-56.314163698858465,-45.81795382549899,-66.19913897200786,23.59804946809163,344.3314876987133,216.01258700241306,126.64772200338484
598,-1.4943397329798245,-7.055562961298165,-18.478450887403596,-29.502421408182954,-45.13599521043625,-57.42019289267955,-83.55990699538961,-122.73580555919762,-124.47865239500425,-140.0427558444644,-243.4607040465271,22.606091490111794,-190.10222323043126,-168.1931390946702,-291.89353966286217,-165.7561935829217
599,0.17574365559903526,-1.6231892571822755,-1.8734299454954453,-5.470695079593725,-4.951725697630081,-0.1919790925549023,-13.914782799416571,-10.615695009561023,-39.13993049781311,-38.38836086324591,-7.437212789827754,58.143069303818265,-47.561522566313215,-105.34792878980807,-166.83756721518148,-168.0884863997635
600,1.936667184621001,6.275096036719333,14.630566590893068,24.967695967660802,37.27518461843283,57.30597668139126,65.99858222038893,68.2175459914506,104.54006669878436,104.5438730545502,350.2855338835325,-102.93982574097936,138.1110269047349,221.94817332114326,252.49117021644997,245.9318164093056
601,3.7755050532850873,13.717100721857605,27.11966552099875,42.669241508585856,67.58248510752219,79.753428400747,97.93618627231626,101.18285360643495,61.645628946416764,117.12339198145855,287.21672343268074,-96.44978290392919,-86.5018854900336,-126.08383513651643,-89.26905629413886,-13.276356623617176
602,5.446102936462921,19.527122682143272,37.90652627972486,56.186658708742925,81.13203040364351,54.62707221032724,47.794717718003085,49.11239839591872,-33.58893018611525,-84.61483580093773,-75.35939271040843,-15.702810704560761,-232.65741642686044,-275.31385907603544,-327.0654514176931,-90.84691301075509
603,7.039930703751452,23.186019334490993,41.51858204828932,43.61651663344355,49.0729568314905,14.091349418638856,-38.53231238979788,-91.43477141231415,-114.63340873579364,-187.1120830215841,-123.50322763306758,-25.76724623348582,-49.65538531247148,90.03547393739427,96.98631145939726,448.42261373669317
604,8.761068280227846,25.073933187322837,44.57504001795132,25.775476894534222,2.764229512027214,-33.34791516683981,-90.17957203365222,-115.82926770640915,-85.43970162201367,8.321920944930753,47.7333904026782,-17.771430514982058,103.18730093486374,155.22035730398056,112.30684709268826,166.54354738440452
605,10.101073173551413,28.740596360935342,37.13183589908476,13.06793279402359,-34.08845575397845,-90.0164497834794,-68.13786939633428,11.645215605924022,40.78671999432663,162.78064259841994,100.38520260350197,-10.181500262515328,7.849759572389303,-175.52426116904098,-194.29133136579185,-168.29311575905012
606,10.82788983986211,27.946371380870005,18.09093859348468,-19.160108480795543,-64.80973463305736,-92.91899303571154,-11.184324076792109,181.44279049566103,111.12574625656816,97.76838480151127,15.704701020269567,22.296396346858273,-116.91152590740239,-213.36980392655096,46.871533754703705,133.18204619905737
607,11.901592909349347,26.28691452113617,7.3260843528642,-40.6698902747346,-69.65897012731875,-22.761477905223728,59.28859430812008,193.00747190033871,67.60106325832203,-84.2160038557231,-142.01010133162708,49.352162866533945,112.79488642703654,195.0451635884674,228.0147477077553,-72.59666434778774
608,13.34479003026172,24.462091455836344,-7.796675338702698,-47.15267208765226,-53.80981544586575,37.54694496078264,117.69031811812602,4.5262590974452905,-78.05728842373719,-165.89956667677689,-49.194271000185836,-71.7756135616919,408.0492000739978,71.66390854816564,-3.914430774995708,-216.27040710000438
609,13.792038744770252,16.792205607066535,-24.210237699278878,-50.05855530103008,-9.445751887488768,70.58249095279825,74.85066787373216,-88.64829006213404,-115.8334128929273,-29.618414267140906,154.2816738637921,-101.997696512718,52.824726944927534,-276.5528985685014,79.67778419551178,188.03288460519252
610,13.597502237273147,10.598984972650214,-29.287934848078294,-43.016712968088996,35.64290975124368,83.77486398590554,-12.628679499597638,-118.01973258548969,-47.67974128208698,90.4548702948523,68.71277243014265,3.0896258779503114,-262.06812584134605,51.096863711078186,393.7123728040169,133.85465453963116
611,14.407187203980357,4.677616698008023,-38.62579185559116,-16.947281526551706,60.59835069023711,28.424733071215087,-60.69016038825794,-90.04626318954251,68.81232864123558,88.44786140164797,-141.24792547824836,-11.101987199146606,67.97143102750124,184.1426289863375,-38.264459616133536,-262.53492863967404
612,15.031049566505317,-3.0340080281448536,-43.53783589152226,11.982253709806628,76.29350496512916,-30.16702154862287,-90.17763438116526,42.312308356114954,91.82725997011221,-4.7941231877412065,-186.19608239740046,117.93642361855973,126.55655787684373,-161.87452788765222,-294.7504525261829,-66.26035136869905
613,14.563794887348195,-9.217937878018347,-33.0626657502562,34.184779066436704,37.354588560934644,-64.42004983459447,-46.80149343308585,89.39487359427585,-43.75100993486012,-149.52694318038266,56.78469427719028,269.9234444935323,-148.4540728126085,-101.91062819721992,201.23506718044518,66.30775116603036
614,13.98750198451853,-15.070785588774015,-24.99516530183064,60.26733515916203,-6.0120044329942175,-80.36860072638956,45.76978621481976,84.98213217579905,-130.01809931578282,-31.7906562798089,216.7555728340376,78.78051492029999,-162.9879202853117,327.3690841196658,57.42050096321327,-245.5223632535126
615,13.091189990049315,-19.86652454317573,-14.2095367068614,63.26316552745425,-28.27529135668192,-39.28931122705217,87.49812005934655,-20.07633578592504,-132.8382538637452,165.69475385278201,-2.9978005659068003,-64.53747191113507,93.67662797439698,246.37823419419874,-267.67755263950676,-81.7285003549041
616,12.050415528772646,-24.560939292440708,5.106090323854005,50.71418468636398,-61.30544519069599,8.8450112452756,115.01495637305197,-118.56018830343237,7.728355046949218,98.87282927388878,-198.5354180079521,2.0907858140053577,150.9143847972664,-237.11143130659912,38.36813072498626,82.61365018958168
617,11.042707054259154,-28.02863434401297,17.3801444831588,27.839596947728523,-59.4663640685817,51.6240299233541,78.35557655268349,-76.92297401256656,135.9926558845873,-61.037927125784336,-90.31702290533576,3.8679234304604506,-163.14736141655885,-128.61296150641283,172.7632994585947,-189.38621668059932
618,9.817364258396992,-29.343248880365536,29.464558418052547,-8.049405481524673,-42.932703119317466,76.24188505165694,-78.15021489198261,-13.10917047336261,82.28165264983909,-169.8853671972247,119.26761162373077,-11.823457201724523,-132.96533927910787,152.56613429597928,-134.19591304826463,122.11635180166923
619,8.493681200858191,-28.38278505467042,41.151558412097074,-28.341532168761432,-11.0374790030437,55.53993850183906,-125.08762117745937,108.39857618258247,-55.90113768406627,-53.698034384571656,95.4303328155438,8.285666491911797,153.63380879150645,-57.28856021282991,-99.80383328259632,521.0575650786341
620,7.051711969501412,-22.91903212644047,41.72938303627416,-47.546066210188656,36.70169089254887,-5.401959062415699,-29.122019797126995,105.38984018295014,-144.20293257943194,131.51953296846477,-105.1846405089018,-12.212224058384436,56.53861973164021,-167.72567129221716,158.88139502988633,-159.1184995009462
621,5.378177580077136,-18.2046503294805,40.16094676125613,-57.35346410114016,59.325119113273104,-77.55780971898093,33.53305946699402,-32.82937167237833,-4.065581530221607,102.72222004722425,-133.14310137551365,-34.131822132636444,-153.9124272226254,118.08353789980174,-33.70488217541424,-179.31210953133996
622,3.7813999726340626,-14.373207866533448,31.38301228482851,-46.916509089998044,63.56783463122156,-86.90017880732739,83.47119112615474,-98.87609699989844,148.8287824040308,-44.04334355345782,154.01428771613428,-56.58953664778255,-52.81668276977871,178.7342577450836,-117.92996066329943,345.4695240967194
623,2.109911867720257,-8.339169230666812,16.563230710484277,-34.218368764760726,34.333354011981555,-42.14638129896048,68.4341788351885,-125.29488373243657,90.05169208816369,-137.91729981675599,458.63367515777645,0.857606747029422,121.38349499536707,-179.4675999531537,276.8482619027345,-285.4135481414123
624,0.16758666842088132,-1.4228421751167843,4.672810863801715,-2.2860825783604923,-2.6315554826928746,1.8087195845673705,-15.07267495203996,-21.751585725447512,-3.599993879441172,-49.052772682778595,199.91186928997195,49.76666418844661,-54.12233184833167,-97.07843035435508,316.7659870721109,-198.9458075750881
625,-1.4714148000593923,6.5766868766149855,-14.344451544644471,27.795023437813143,-31.114676525093273,48.048360326791226,-60.76628817051824,119.43094294420735,-91.0787050344261,90.86212712853012,-244.8432152161986,-59.3716903692075,-211.71977330408845,237.90666469271673,-231.43659413536807,324.04072239964444
626,-3.16089012221164,13.36450308260919,-28.46618855833185,40.37096844319899,-63.24628255978769,76.41803557976345,-96.43192455742974,98.37694541464589,-113.06721779115196,83.17063121392857,-102.31086083578703,-40.59468639071156,126.70380541282793,-46.8257567169785,-81.165042022345,-118.11649690502963
627,-4.967248466157798,19.003265815508712,-33.76040985900727,56.69549509120225,-70.87029906451062,57.02919119222679,-74.87986576643016,3.982705885973701,26.197246330537382,-84.0206240510015,148.83670235535828,18.21874500556737,447.58460567372094,-296.4336135994163,280.36445253261627,-71.3855898378315
628,-6.803849988050388,23.304635786777908,-39.6388657245443,55.15739947579527,-52.450498311527554,18.26999203358355,32.01192133157747,-87.5806818484416,92.19290883844678,-190.6286966687403,80.4898885085131,-73.26697598610963,92.88353444503446,46.67826361760672,-168.71737980011676,269.3367505737333
629,-8.43858413488033,26.99330893057413,-37.21099888523895,32.76688958120303,-1.9112662115503554,-33.534715560157565,78.58880859825877,-118.04443255440856,28.82472926315768,-34.598158612941916,-56.217230342423136,-37.41692213263718,-310.43392477477755,218.85585490511585,-92.03455459261022,-89.22711588766106
630,-9.669673846387013,28.18064733353731,-33.7110890173426,8.752887999088898,45.649191950705244,-72.23124990002907,52.62616336024075,-39.85111551135196,-31.951760694940276,153.4286158126706,-148.95731592758602,19.59038382659105,-58.800522387828096,-111.31730712689023,165.31452262551466,-308.62481678203767
631,-10.69337332356372,27.03991565008255,-24.22352235305516,-18.98905790315939,61.49715059680511,-64.62775739910103,27.15409427060513,58.6895011394663,-93.0794823490105,114.54180966889544,-50.46479380971141,-36.311140309827806,121.1280092287343,-75.64604913065705,-206.2354242284273,265.2000714877722
632,-11.473532076280208,28.488085558227795,-3.7410124868711137,-45.48825097078361,72.10414079495968,-24.008849715972246,-50.447152443332016,83.27758881291084,-71.78886941503151,-94.86484556689538,122.72345679244972,13.294803255864508,-94.39362296263789,393.6790591296449,-283.24755720070243,388.30350575592456
633,-12.648195349879643,24.892415083893866,8.727935119522954,-52.00346802969875,56.1078774410953,38.133447600193904,-107.29717456964136,31.02621429644205,65.1170603613682,-187.46584633975,54.942954543384985,175.17144614794677,-165.0627336359139,217.05388145227334,126.35915375775221,-164.73091701372323
634,-13.085606948496206,17.825274456596162,19.196904819043993,-49.381009261667714,6.443190208690339,83.95688614082974,-64.29193818591011,-72.7074765016805,125.38857872742756,-26.061760896300257,-139.68303291914708,152.50209094122977,4.524905635065807,-227.2518945425836,168.73907081474317,122.87921759744495
635,-13.357238976092049,12.365412268275577,34.24123800856796,-48.005846519317856,-39.510642913238826,83.1378888282834,6.269829867669614,-161.00905076693743,-3.3434917400054474,149.21863783220033,-112.09852573923126,-74.07829990050675,111.39104299555038,2.909621730388608,-280.9996731384599,164.73676321755192
636,-14.004507774866397,4.300539792136988,45.05253422428359,-20.077018266730192,-67.7701197733677,34.088106574527046,75.23917250949307,-83.9482677770211,-97.79500315896257,180.57465347577818,87.85860710925044,-71.5886075016125,-85.54245254493071,166.4483103720704,-30.071619111964537,-321.70236786564055
637,-13.54115830489809,-2.842725765846808,42.56584183110681,15.520877751770058,-82.92792623636024,-25.998477981960605,96.52337711623113,136.04927645385033,-84.1148611883118,-5.097437655007525,118.59739779690062,-8.28125459374803,-207.25973448366858,-89.58432761706354,256.38225569554925,137.69943738584698
638,-13.89182013615573,-9.876216441974975,32.792509949287705,37.33524165528729,-52.94215002546662,-65.18250522291964,43.2909523754206,181.538310525415,-43.40062266324094,-207.5118508766318,-91.11755367250589,-92.93485661939394,57.55498470171369,-67.41306306856859,-152.75273131066933,165.31556965246273
639,-13.715174373774062,-16.30082616886739,28.64733505384538,58.94826821993752,2.984612774082507,-71.41073571705783,-55.69239154004026,42.2593957193385,81.04624989427884,-60.51542218846589,-202.4473754530809,25.554740120326016,150.25747607692028,138.60648308806412,4.605246748542413,-352.89812684121716
640,-12.44517356047345,-20.791295620333585,14.239361788657334,61.495619495745586,33.26459560502326,-37.34667274754793,-103.90310930315172,-26.239437252523203,102.3227208921162,146.6581750333571,-20.58933156724379,83.31175489830025,-106.49165012519734,57.22837686983985,386.66239373431017,18.36728847206541
641,-12.04581271239931,-26.109288401441518,-4.597893747881244,43.50082642364259,64.5824790472102,9.537632253684933,-61.67280308480258,-92.95643285731785,-51.791685655974106,114.71680845047376,116.55812780607448,-33.65699643386441,-117.4666080619063,-271.4977358690667,88.06164316357172,240.67208136070258
642,-10.88814685059424,-28.617030153940505,-16.514038682529645,27.01610386170819,75.22486053322291,68.88502930789036,-13.618341421839432,-114.99765142203978,-159.5257644083631,-43.102868457914155,49.49589875793026,3.47583170118304,137.5202818023863,-135.62951773015084,-197.51501529976667,-249.82296522028628
643,-9.649208407252445,-28.16459867881167,-29.71538237382265,0.09553622828775588,38.85506540858114,97.3599624031558,53.21344674886495,7.803159581635555,-113.44465471773128,-135.98235287937132,-151.92272219654114,23.468065912283492,131.55861972643834,219.26719465666974,49.73247532003006,-100.71805955206219
644,-8.155880968382007,-26.14112355447378,-38.74716146593528,-29.958810421044518,1.5378528748992721,51.06224123924221,89.94705765746767,98.01555832246231,60.16386761024387,-16.513803337846184,-170.7430026282309,28.782001193348776,-122.98844808553622,-147.6326569510129,11.334233746652899,229.21451085290028
645,-6.328457898879606,-25.2742931784328,-46.42562091714535,-42.31181584161686,-37.868470570480895,-4.196431956877859,38.99223144786083,89.29156454380427,131.42077663240707,120.22929454012046,256.6591208425343,41.66162945410139,6.325589078118355,-322.2162852657493,-235.1167194119771,-235.06991316200583
646,-5.287786176775626,-22.1403911799016,-39.74133159941994,-56.53331168979378,-78.17867443946807,-42.450139620674236,-30.740325839156867,-0.6808769037961611,68.55328663232194,108.01647770187265,339.36466656174525,-61.59238044299195,408.63890297919716,141.1158613676089,115.60240420339687,-39.728344848932466
647,-3.4187738233486016,-13.65795312558248,-23.555062756950065,-52.83217548346158,-71.6943460925313,-77.36932617994898,-75.54283032550302,-84.84396342918626,-29.921042252201005,-30.100299145000463,-129.60058820118138,-35.64943984129707,194.5219602396719,176.54198435941362,219.59769915148354,513.7844698943154
648,-1.4492294243209471,-8.395629450246815,-17.166364859614987,-22.537984159497796,-34.13764979583493,-67.78792799674738,-62.21530867340334,-87.60513228525815,-149.3410983535441,-122.98290822831041,-241.0413221154813,34.49697225283228,-209.06772439177803,-152.24991314193176,-162.31792038893764,-45.6644839978253
649,0.10403774639235053,-1.8280159180694682,-2.2430979557411774,-3.0492867244043964,-4.8768469851479495,-3.9035370095098187,-3.065844429700519,-39.54768398182205,-42.18760326147003,-14.255821963364724,-27.309757441009424,-39.06927357577439,-30.983815095987666,-27.125946326123085,-71.83533615200577,-212.02127566209674
650,2.0786665209770945,6.882876890138505,15.874459580667462,23.50683775196967,30.305714381153848,58.145927365527314,81.87102001729363,83.01767842587287,144.85060670872372,138.16352574436314,121.26331331933761,-61.1661897481232,158.71211497472177,282.8095702757564,227.11057726526633,299.2635781128847
651,3.799982852944595,12.764192973657373,28.835682933453427,48.811754263050716,67.22539781572686,83.32801432063752,191.5327659969771,115.13352899606252,120.64047211320758,125.8127332479271,112.2618303403724,17.158567851513,-12.9265874366356,-33.61786632958683,-70.0152658377774,-100.95477276439487
652,5.451328791306878,19.224026697253066,37.73790128003202,51.72252960356104,81.32990675773908,59.43901612700938,200.9060011768015,-6.1721507407855825,-11.54519189173243,-65.28368503691308,-87.74096638420815,17.765202782013716,-217.8451683952262,-260.53822645895707,-333.9389634868785,-313.2959971199016
653,6.903502845671937,22.89820308209164,36.58651352230481,55.43165857368194,51.477951555746586,10.274384998485402,4.23811799021496,-91.03668940639182,-137.19747317861948,-141.01277785396087,-88.7764779885656,1.071096773614272,-29.99598218056053,120.48644384497311,86.71789360521507,168.66645020338183
654,8.496650015529667,25.972052014306428,40.254458264744244,40.57716511675221,-2.3480606373777846,-43.61562672995751,-137.63471662318625,-128.4626399507688,-102.91389809031898,3.296263308140624,78.45251726913557,75.07410069752814,239.5015225858042,182.38844751162105,120.51348031487578,4.256486009668151
655,10.445893895966037,29.05076918476334,40.2489083907094,7.8114510679786235,-39.63318538990552,-98.53594873326074,-78.56307240486785,-60.88872004754376,58.2789876316283,138.84285366363474,133.91114584403476,-20.45296257359928,-59.76736933736902,-188.31908193908748,-217.65576998182223,-161.52203860146983
656,11.295919163086182,27.128656738160316,22.863010420203864,-19.029124493679547,-73.59379094489623,-80.94025116971352,-16.763645719824126,84.37237224946148,130.27043444431,115.31975999638234,33.94900082311506,-16.24288561243884,-260.9632790168289,-249.8410840832512,211.41044949146453,128.44202720511385
657,11.981854219138768,25.519504476964357,6.077074711854948,-43.96398936970263,-69.7848958500449,-16.08541483088993,41.69135643944901,112.9619097291943,23.57773994776926,-79.97908642290713,-116.0008048710879,105.12609720401065,5.475606266078103,149.11038915929385,456.6904475870033,-32.93041549573536
658,13.46741875765747,22.37087331958446,-8.064998721773009,-56.34382846282938,-30.22756886810066,32.59104387472871,100.7915789141116,36.60519554689381,-89.09556582721962,-171.28220775763475,-28.67423123057597,-35.0326489505112,127.6459753525778,61.786701612814795,-127.06575793999946,-288.2236128982913
659,13.851264748491303,16.114565201562073,-25.56448865979837,-56.564000816012424,-5.446337517778375,70.75699176361013,85.52553301224543,-59.34156303264899,-96.67278128606995,-28.381849474579212,149.51645022873345,-21.993175520350178,-44.08963355124797,-300.7753062843549,-140.0040837298875,25.64941007707239
660,13.895564888423905,11.539468201439377,-37.48154453927782,-39.09398379955735,33.47153462879169,64.5777529638599,-2.501135587648605,-120.58193295526144,-53.048091009473865,102.01414612153167,125.28713848278858,28.318248523746206,-161.99086347028788,53.40600778005319,203.80680151216075,23.31206393417233
661,14.758794613314421,4.192089066177687,-39.49160168433991,-12.320067626692833,62.54486188703186,33.847898340420215,-77.22890452502179,-89.39308601285302,82.98417461039935,142.5745887754456,-86.15625406021718,-14.56452548754055,113.48780643059945,216.80843273086066,-113.53668675658264,-235.21847966798668
662,14.087977661703917,-3.2441406940615707,-34.99904233946472,8.267001041377284,64.87351652509778,-23.89488392403291,-72.84978969287477,52.9985725536244,105.13625408889948,42.0151169776218,-156.25114681959167,-25.330663449049553,219.0817974972997,-129.69296571773884,-211.2776385772304,283.8290524371114
663,13.2627340629615,-8.699082577427362,-30.96396474739231,34.98058047035022,54.23698575452545,-80.10271098411613,-38.732236408483004,144.85852031760442,-40.5597788783316,-148.3536923734864,25.651598949130857,-107.11878296408372,-151.98025588967357,-93.04661447097897,170.6255310079141,306.1205414788201
664,13.581688124168977,-14.773000374982075,-25.80845596477775,54.26986494689265,3.3501742777621075,-63.55294064771988,37.89996857040387,75.12613904639875,-134.28407532343135,-48.71669517504779,109.04032619747522,-22.39924414826737,-135.99637333350256,292.2855389081087,113.1091440063683,-325.1372643729046
665,12.937449786055367,-20.22992617466707,-12.649123115304974,55.24229204640915,-37.77723242010825,-35.34207722377687,105.28823947646015,-24.160008931306947,-132.22634228630614,168.90942124697176,-32.62430575751205,-13.282512796584797,275.39103974055615,310.34075234369084,-204.80522548495355,-6.044843386574939
666,12.06848637951316,-25.63074382987452,4.341506887765718,38.04856154831714,-57.620629739115884,5.429354090692868,83.38861273111252,-106.35897679658228,13.729682257824606,89.51640389182285,-225.67655772914077,-55.92045967116178,205.17966640924715,-179.0997352006234,12.280927082269045,124.47310494783596
667,11.326572205285629,-27.798548275310168,20.04283536888397,20.41252401678628,-83.40252775136332,64.37059099806538,-12.285261239172542,-111.0574871166682,124.09073973356772,-100.35295003370993,-91.91288783934942,24.44524121866607,-194.57224015033535,-66.99595206194499,255.60547917066287,-300.9931749647658
668,10.335753121621565,-28.634138250338765,33.24576739411896,1.0063695664672423,-56.79333625160143,84.64957572502135,-85.15303508224315,90.3627269780336,39.32843875937397,-153.63205370559444,243.55037319147232,-27.164571239173256,-132.41070978255266,295.85240760476154,-184.05937768446893,-44.275527620862704
669,8.800026426966724,-27.937223753910985,44.45751723025933,-35.08462634503496,0.1908753769962459,60.99119450060971,-82.04537775448989,222.05155444423144,-47.586194623148,-10.329940413561417,138.93344741676628,-31.52237232686275,128.26836234755865,-126.6412251390575,-277.55774578066485,88.660147453651
670,6.931513835475926,-24.95712156358968,46.14984842475678,-49.73897697324733,35.479894434022754,-7.64083133562599,-61.06384689947299,77.44402795925998,-90.19162641093226,120.37368011030048,-138.16381294952953,-32.352339218302404,-2.3616605321440147,-275.6158822371508,156.12756103265565,-231.9658362915652
671,5.634051452954736,-21.099001977840544,37.34650521991716,-50.30250581241587,62.609469008493306,-55.736466990647386,39.95027901882713,-22.40366579387046,-52.82717983259772,69.63993217595271,-129.98126637343012,19.058234929660557,-205.67221465564398,118.63930482834985,-94.06626365461125,-109.15068899464677
672,3.866683434802326,-13.70890443015469,29.961889584636083,-51.39941002527223,64.86667853686322,-78.32741656375401,109.24204707957688,-82.0327298320044,66.11218091310366,-51.47434522314143,12.819012215284602,147.30744110433443,-120.92776161394977,137.13333350305038,-254.78101770301873,251.5865358815645
673,2.0409873068756497,-8.298191178781508,17.71570822346075,-28.485669515398968,38.18995082725496,-78.0986519188773,50.114213449298404,-119.49354750366183,177.67755574580406,-134.31829920254677,167.53540300132227,-42.542800661100046,120.3723095729456,-198.2267377411772,422.5793787787843,-94.28156204866536
674,0.405951179247495,-1.811068562647506,2.3500202839768463,0.3750583637365992,2.6710735442447913,-0.5771741693388321,8.284122724013287,-3.0058533757473924,166.94920873534193,-24.61062998788111,55.764105270242,-89.49142823068769,81.29392139843185,-142.31604178083944,324.854282305605,-278.46021910006675
675,-1.6335133944276095,6.753791793009441,-11.458577980456539,21.635450704621974,-34.91086572925724,60.83191094212816,-76.96651350308093,80.35278636078147,-135.27417313557362,159.5043623672027,-136.92634927225663,67.89156161437677,-191.73131044575348,130.96015908752452,-355.0376113176826,217.86105545324972
676,-3.2159684286407355,12.927151239565774,-29.892851928338132,43.86868466280464,-64.90964139450625,84.21401177530606,-132.8878531036171,126.0649130624588,-198.2709008124375,139.56394064570486,-45.41613099250753,-9.847724770984314,-71.51441493335187,-30.625741509880754,63.30891284302925,-37.401880759585765
677,-4.765772738593114,19.952101557442347,-39.09108907150403,59.91256128435205,-74.68158236100771,85.89061551455961,-53.460175516462186,57.275830201520876,67.45438359511445,-94.14759811425029,119.11007507388058,48.99996369714427,149.31653609972636,-149.16176097221614,287.5531609237587,-69.4928133385547
678,-6.579447278903899,24.203425766312648,-41.31986104083262,52.65590741616015,-51.28188617446676,15.04425886529134,21.97280094776943,-90.55868984474364,98.04887934126691,-219.96802455990837,155.09164502469866,99.08214423805566,-54.68168114082255,8.414933364852914,-266.9584181599057,547.0159872549411
679,-8.247409349633926,28.31988188842206,-42.67261520643842,27.81623097190507,-6.432643202916552,-54.085163623585686,66.50262760240003,-93.86045326284511,84.2197654340871,-41.124777439610625,-60.68316982265969,-53.50307015674298,-197.98978777499542,70.06021890665579,-53.534862877902924,77.12361868946027
680,-9.524411380669335,29.636149594789913,-31.464134291340088,8.254714586161526,41.88310386855801,-83.7907729425715,70.02347661097883,-30.67875630951312,-7.629294113409742,140.39611217060155,-169.92710729827013,-57.09669556438894,23.42209388387164,-104.78781727536989,265.5287477347083,-402.36038893507794
681,-10.675340358154244,25.58965622896403,-20.087146302803376,-18.29131699112321,70.21387161418443,-72.19571048124635,17.299864958884427,52.75987009210803,-130.71658296177065,93.0693768916899,29.325872268029343,-5.5457994850030445,157.02778030039917,-58.63556347791746,-75.25039044160076,134.53523622654757
682,-11.924293400048555,26.245671561126073,-7.883973478838016,-43.41190811962747,56.098374505092124,-17.422375779862705,-65.78103134772391,101.15806638090726,-50.03947243269704,-102.52389109369688,171.2201949170776,-34.145180762935524,-119.50212074866158,343.6790155679919,-261.4930280952394,119.21337018028134
683,-12.272581515829188,23.587370100452517,10.14950271701855,-52.55429254962502,31.613290041170785,36.37828532005187,-102.44340404625109,45.844231879818835,35.225579960690084,-178.32843538804445,95.19608171213622,-5.109524647044054,-244.1725406942569,136.8406193972769,16.28718313025456,-216.5301297928745
684,-12.706686724217434,14.940545330172881,22.68375624784312,-59.61796960054187,3.710465180972733,86.75672827543349,-48.96251998390653,-65.88752585392649,113.48684840387796,-24.802084430280956,-124.16740241350271,5.703481213504347,248.92130329842348,-326.83745645332965,90.35697759323375,116.69679736500257
685,-13.443037817054574,10.753207976405974,35.86750860477332,-41.853695954364866,-41.78326299762648,80.56595378801649,15.165736846116488,-114.68246202574664,39.85588284908772,81.26952472024277,-104.15376826640932,-59.289874023075754,405.92064638797456,-84.58752461594122,-206.1118851593601,31.629176046291832
686,-13.609603216325013,5.286613341089378,43.63148335914775,-14.726024881709122,-70.20655205359571,21.510658420740583,145.92112141747202,-42.62733188400307,-121.42918691319483,103.24531717602076,90.24928743535202,-40.91206620435696,-115.71910621319967,127.71526578767225,-6.816966210360988,-331.3007777186358
687,-14.188941416713533,-3.3746396436595205,44.85382446267431,9.223366010654956,-64.0326228223289,-23.816920282266437,261.70483382798557,38.67344801934814,-104.97009473967046,45.505163063964574,173.5015174088294,-41.82505584340106,-191.75792417757566,-91.54324403216015,271.4615475242681,2.5360048736984027
688,-13.998791194159821,-9.602157423605604,39.83693657238837,42.33119675030662,-43.24200475964062,-75.0285902193682,146.53890552307712,79.29065289506252,-4.485273246888937,-144.61936502451135,47.28604987545623,-75.47275405339587,75.11457908621651,-127.55751969419362,-19.190704550026567,135.63165559525805
689,-13.373129909948148,-15.244182147036554,23.908902358705745,53.16399584138787,-8.830163481793534,-91.82721108646001,-30.394455986621324,57.82531865834608,103.27814114226203,-59.04773419472622,-265.71603423244596,4.060102777823886,19.020751160409418,120.96052148818853,-12.704425636944507,-213.65528223530418
690,-13.01195857116636,-19.78698436423383,11.063101918298344,49.65755458058027,35.531927245116094,-45.2228803742928,-93.35176216933178,-23.431691492180107,103.02388188183068,147.38147985161777,-108.28521729829299,26.91462570718886,-115.40155990921448,106.12182037357707,243.95640635635937,-72.42653580675687
691,-11.749458520373082,-24.033848350995413,-1.6469666661414522,41.199068387326975,52.51230147558181,19.644680803930896,-77.03839166363468,-95.51676211258746,-49.83840576839884,88.17320514488529,157.82266444577908,91.41697746576574,-146.07032222000998,-228.98674140409275,-120.08325811375835,104.08550387242576
692,-10.550215218537232,-27.336671146194476,-17.99872203171799,22.503584979051766,52.86908112717583,71.11274622643032,1.5412895128974924,-87.49099899873545,-126.27622862648695,-34.296720354068384,-35.93656894014566,237.90452214289144,88.0073654806506,-110.83524207916344,-260.52676659297504,-190.79736054336536
693,-9.309669919324733,-28.030925096919873,-30.611866315217412,-3.975331788416213,47.37737866684529,72.06795539486484,67.39336144944536,26.164096033280657,-67.69559192657653,-116.4593387121422,-103.31385407287962,73.9556109961959,137.08647239136462,178.56779274686414,227.03195342366598,122.8054400832334
694,-8.235766156269165,-28.66714701336241,-40.511979966800936,-36.640428654062134,9.181889477532422,47.98576742706791,90.13689019776939,98.51710509057011,52.84522086708148,-23.587875971781614,-67.68155024363296,-78.70457584821816,-215.35205426315815,-123.9080221621407,62.4429355086977,490.12158040702343
695,-6.776144072483476,-25.806290556774,-46.50959999387669,-50.15644284815767,-33.35194044252239,8.298044613777165,51.1517476720619,72.0152749340341,126.70447308441635,120.60305900716048,3.9869850885843334,33.32463764782369,-126.66528963932069,-265.13038761929784,-304.7489951117277,-159.02827097044792
696,-4.73732979415945,-20.229218041691638,-42.628530369143846,-50.86054555637611,-53.176051001639735,-57.72271657978854,-48.84281794358685,11.813057825071155,7.801559634669502,87.40539801206614,86.23599613946135,10.63006469355605,183.12286676168696,99.38623662713508,16.249303106920706,-141.78711250700871
697,-3.485053239291119,-13.585036139805197,-33.16767872459059,-51.27751427790088,-62.898554127049465,-82.6250527890079,-106.48248866172798,-83.71246063114813,-108.20856772926709,-29.470164322512574,-102.73308828307563,-23.83418221699867,36.54969358477365,112.47850568436843,124.15433283530729,286.36474973240547
698,-1.4548521881033594,-6.58955751988924,-18.57016304165336,-30.72262643291856,-52.6664902748189,-57.16383821225463,-89.65169971861178,-112.38646845788753,-111.41896165789785,-136.33751184244466,-208.6881592425343,27.816083002502637,-174.3175173740333,-168.2732125458133,-204.2838147191178,-242.63012513822468
699,0.4840791904789512,-1.52243017332421,0.7143262963309098,1.9380517417506553,-6.187052737743215,-11.783264734971453,-17.602757803790155,45.422108904218476,-26.528416594222108,-48.84663939890015,-12.3955898943168,-9.506055962774553,6.523539081571471,54.528627616818994,-183.75481549770484,-180.56658728590264
700,1.701366141030121,6.152091773281882,12.999609138636515,25.305953287852503,41.99337295354826,51.066535102499984,54.31810916813265,204.42301051407412,205.850868043608,121.86460909347807,169.23546409809205,-41.03363058873947,176.91219958661213,490.65635481022764,123.58434444322484,227.54756884890958
701,3.632566083853817,13.291600284466313,24.671854287376846,44.44259143938393,63.34098147867644,85.94086161597261,75.14499294814595,105.99959729061811,305.4490506545126,68.17503562193451,70.45112616798724,-43.53542948904578,-4.939164275772555,136.15246384075726,57.96972905471557,-102.67876649562822
702,5.347620238197123,17.387638628514196,36.24944581511045,51.52044764659411,75.69991206776649,67.81320288861752,48.037046734418254,-24.72985786516074,48.11172911529138,-71.40132843757601,-166.17867487632975,22.23377613070261,-170.91491867841228,-305.37802269098756,-156.80781676636616,-98.7115594080824
703,7.0521896928257775,23.3941771408372,38.71863042390578,45.405692076975015,55.39771655702043,18.027758433039708,-28.219843412705814,-39.67581944770063,-185.85736733090744,-112.61911266850802,-192.85726020673974,67.41845802220087,27.392729482778577,122.98713597374444,250.0105124633228,173.64045511306176
704,8.53802067408833,29.040534060603022,37.8184067565835,36.97580832709605,-2.0178554305302896,-43.933585307537214,-79.57736911381653,-108.28645063033764,-93.31548861121883,-24.76973553476273,39.603233799167356,-37.364919902352995,301.7549511612094,226.87230216685566,410.67057492680397,-14.46362837360357
705,9.411017928303409,30.30104826643037,32.76171573379543,13.128768329895365,-32.56891650450689,-72.20661689055123,-64.84013236197643,-75.05667340191576,31.680547596188262,148.60537538565404,139.7708876606921,-12.210830317750151,-7.391398628014372,-223.8473657083523,-243.7887903704177,-110.38897492099932
706,10.756049421924217,28.497165550859336,22.18612740665776,-18.3457142041334,-56.30643273352234,-62.42821869926411,-21.61695629855967,66.9600503762631,64.17414452077264,116.30808701022033,-31.388838530983776,74.95642937066441,-245.93636306293212,-136.74250442833,-57.72588204803833,187.3269510792161
707,12.045778249465002,26.28521081274448,9.381681696031592,-35.44271837615963,-74.81269990419514,-35.57721407621648,57.68785942187242,89.33947415721923,38.997337257394065,-101.34334804581886,-155.7922906869535,46.14496857925769,66.03046526687535,129.46878472158278,286.25016417251027,185.36634640924603
708,12.959964745299658,21.711391803463357,-8.038642924240776,-49.71885937298816,-33.46740977741683,33.981746674391616,107.42127542629896,27.250232854290516,-85.30849866063909,-163.5886194843115,-69.76569899111928,5.8343887012852065,93.8600665571442,-5.433563915692503,-323.61654494497634,-90.98294084928057
709,13.608485996451236,16.117888428036167,-22.8436964959983,-56.51390496955128,0.7927350512381963,80.48213572547866,60.36956977637601,-59.68143247652188,-130.67426704819627,-16.822287212358788,274.67043610072506,-30.990755733400874,-108.08149088657956,-187.0984916400339,-195.01353867394573,189.26866707948648
710,13.709810341483717,12.280156408956827,-29.844948361111165,-39.685754997954064,24.785171023760995,61.4603666536932,-23.454199155807146,-129.41210366256564,-39.98858298393952,157.9305274575163,386.36478724456174,31.12407664487364,-216.4302876693646,-7.729793309728848,183.23364733171547,205.81831119385606
711,14.461134840860723,4.951346693951109,-37.0183906391012,-17.567034174732044,68.61056189267674,35.715450645226156,-81.82832833830616,-73.8237697196746,97.50343496720234,177.30810203523288,-59.43309448713626,114.86789032337947,32.15002345509197,166.9148860433197,-125.0793268630041,-277.66608091044327
712,14.902032619281272,-3.577985241704937,-43.150122052299594,8.93013197694711,72.35067358151991,-16.910882790525648,-94.13270220471895,32.74063602327078,144.10077761164303,4.512950676959008,-203.76580440700127,155.04360403404644,242.33059548997562,-51.36472951124597,-124.48211661499226,81.62091160877026
713,14.086555129320004,-9.516336682469955,-39.13865176208128,36.418131306308965,46.133148191326654,-65.16070232730635,-48.205011991914944,68.51515491319151,-10.281053161853379,-158.48013728812657,33.73181800682141,210.53179028468367,-129.0355554201933,-120.03496554566664,134.5998244926741,213.42285509633075
714,13.490078230623112,-15.81155176468883,-24.28251694186838,54.048624439470245,5.808392022753651,-64.03884118598944,43.50328304580762,60.21354421410797,-165.44215359548343,-44.693870498209435,38.94506220486801,157.2574270787809,-157.72019839561472,153.7597997710982,89.96084026616882,-311.25073931436054
715,12.700974411232892,-19.833660346267834,-10.783978485069383,65.5199328630996,-35.46756252346313,-42.30633835833396,107.82122219727898,-10.312646829996083,-129.1669588052364,132.62403689761413,-46.77403186943775,27.462975990340055,105.02832978670222,164.54160979915468,-169.60600931124281,-14.851544425648171
716,12.035412656059634,-23.273885007462013,2.14840938483394,51.591199187402594,-58.34838639564896,12.404837705858881,82.75596288782253,-82.66349606969015,10.649331891036127,62.753287644045486,-130.36983779599177,-14.918384917182266,36.762534712908746,-224.24487996826065,-69.14423847075159,190.213967350639
717,11.317222581553324,-27.429558648884495,18.252323946725483,20.436655673227733,-73.71710130999418,59.0402570913393,-14.137470353656681,-53.878397859603865,111.53136881437422,-62.70373956098774,-64.45420183775423,-41.98273033108126,-146.16468922493868,-55.75746527903539,131.42968310697688,-276.2215131082048
718,9.866513815844883,-29.078963333539605,30.84178491575676,-4.767519528095704,-53.374354657039476,69.7356648980749,-99.62386099093419,23.451734842841688,76.83433695866916,-107.73828404225787,125.65996737716341,-66.85190407374012,-179.83621907450924,432.4679759540595,-129.9146985788757,-181.55394255890133
719,8.541705037736392,-27.65105035604506,44.290848064590136,-30.13862199832397,-0.5987016197923367,58.73440000987466,-102.89163348470174,98.8079090517349,-59.85556496957179,-45.45571624195145,98.78945981909783,-14.592670616403666,74.2708839757288,-89.3890220370522,-39.99796453830277,87.381508497092
720,6.9422415263679795,-22.23172512011297,47.18402965765563,-52.86810478528355,38.39377288288597,1.5597675779044948,-39.066945935657714,94.94422141057294,-110.2821824600469,97.89845632830111,-117.43913774486282,-41.02734947067893,104.93769189522209,-367.2735401095124,421.74756172170237,-157.5369640867575
721,5.252956471278594,-18.72957031449255,40.254330649354415,-58.742573142079664,64.87231720957243,-55.20673065481242,106.46034764347132,-13.022913981585589,-33.167172679049145,101.91952896421571,-223.66444170448813,-71.14371916624168,-133.74794794666286,125.67649747880932,158.88179676565414,7.904672981829208
722,3.8106307235775603,-16.078412994890186,34.343704901189085,-44.91828025598602,79.76099896541928,-65.79973583485844,280.5849932896235,-89.32087260489789,74.82811988843514,-55.16172226129129,-19.793789456623927,15.51678181400439,-18.788519455898495,12.433860676334007,-188.71670048861415,460.02165775483445
723,2.0914023688392263,-8.33925502095667,16.821306423800706,-26.47554516911032,51.9991911617044,-50.57004481547483,241.49759510760487,-76.50881749724795,131.08978887848752,-177.67813663844572,123.64808365709541,-5.856188024648873,271.0578501574796,-182.16457599337446,92.74238848540335,-57.0466661811879
724,0.30447535498933576,-1.0659052790840633,0.538920519934436,-4.453807129842971,-0.7979146721509096,-7.484039988694349,23.230907239529188,-5.825907553757133,14.450353226250627,-54.48903021761362,-12.880208191596466,-70.3110091609874,64.59401125270188,-72.35293216946593,-32.87092290918008,-375.6102915146257
725,-1.5366874801175072,6.06219953936079,-10.654561397757789,27.12623765657554,-37.32502824316089,45.947914694992505,-96.15322716296942,98.75601584826654,-157.7054955524718,130.69208194439125,-158.44128996104337,-10.844234150808461,-243.78980464947472,30.305113239752245,-319.3625862492481,182.79501808460918
726,-3.480833538119441,14.03425625533373,-27.087373053393094,51.03258317594032,-64.38304541486377,77.92556869489817,-106.00001935301407,115.3466954618707,-158.77793554619257,57.967224568492384,-105.29626264076796,15.21087389220429,-15.957261704836128,-32.09760356384504,33.83264882932417,-71.35636921678815
727,-5.0378331735309985,19.06756340396396,-39.52451497214497,62.11586864499054,-75.75040723653456,73.814615231473,-65.36127357382793,1.2728735760319978,51.945143788057976,-62.451908465744054,75.44167442650723,-52.55001673705101,184.60708849038383,-199.76185550319497,118.85155650548768,-297.61623232211423
728,-6.456181587813262,23.475771527261713,-46.290725846523856,55.079309910669735,-51.348269354632976,15.537069851185151,16.65767732016684,-99.00233394833776,299.1401084810277,-105.38457388204552,74.85452857828568,-57.33184174760231,-5.818688194859078,-11.589542271089158,-247.1963078854351,197.06345919891464
729,-7.95309404059708,27.408205559740054,-39.86057690131656,31.79314602884824,-3.365373101439218,-46.21276525017129,87.300161764535,-133.76213929428923,237.12431616057074,-32.33144199948583,-87.07396916572179,-23.83508170197888,-244.93266476230747,52.60575401497772,-122.87447931612041,-83.3492726478944
730,-9.1740623069918,29.699233758097307,-29.50652779019765,10.601462072258073,46.00841937907444,-80.40370074364728,95.11105605401099,-18.699867617287964,-27.916332080240863,157.70179876194743,-153.8269571976307,-52.35608483600322,-92.63600281807885,-141.26457529028994,251.5450048135499,-290.5160723730878
731,-10.552174870681483,29.630176101955612,-24.261965583502388,-16.972233910900968,73.12620801397861,-90.62738533259835,11.695196050321101,140.5778816390448,-137.71286132250316,99.72217780372739,126.46131512788634,-46.95033638020959,152.39087507269005,-66.52572368674737,18.00015852544675,230.91207794049114
732,-12.077824683977724,26.60182770055144,-6.151941082229314,-45.03621738096035,74.74159316788973,-30.53646088250389,-73.26769606645394,79.12365740815585,-69.77615962291657,-110.21299048262881,482.71788927841044,13.81118601764399,-57.959886597810055,225.49196074024076,-209.18812524224268,111.85195329786075
733,-12.581996746729601,23.113676338191453,11.793998840325003,-57.81415640001751,53.86078843879386,43.18805773304666,-110.3938574167696,18.74164346264297,45.36080045669678,-151.86650981532875,256.29424535452927,196.06085213989797,-228.34500288425443,186.36774969678663,78.29844017013238,-207.52315631765669
734,-12.635516473361804,18.21207674895595,24.387406133106197,-57.53413177109428,4.856359581473043,69.94546993837321,-91.67507101308729,-16.368833611777518,89.42876288740626,-8.712217973523366,-180.89832459226818,216.79348429220738,72.34114202305909,-234.98329984926386,77.42760195801384,95.16877863364789
735,-13.576606731333868,11.980626744938945,36.971588596697984,-45.957068104911286,-36.886090906209574,76.31500730791413,2.1776441975525813,-133.12768813570437,36.27024359206007,154.07311691446375,-160.6215966491036,-48.824289391549655,245.99796143889944,-43.945773292318336,-106.5437332287147,96.6608232722283
736,-14.090513824774916,4.983313387497901,38.94583577017602,-19.71721762409129,-50.2990957431557,46.130034059415266,62.51519155676942,-86.89964547314594,-118.86395581067518,149.22711200659978,81.16969389632504,-16.481139656753896,-79.95824983430589,260.0819146074209,245.3680765954996,-172.28816333772556
737,-14.060113249375718,-3.0767533777238896,43.69720382216474,15.674501456813687,-57.405738434910745,-20.396044493772933,67.80240470678837,49.950205685592664,-157.82350670731557,-4.669123877843958,112.29917196834504,-20.808127379500775,-156.48947522083995,-183.6818474198808,506.6629809475635,279.2755620703174
738,-14.258468924981116,-9.678627352041303,40.82661450996693,38.43151517875344,-42.30840856564009,-66.38055545357929,40.67226375210157,117.58467852313333,27.70980598348342,-195.78548221885285,-51.17591957865443,-161.33035669018773,96.23359954142097,-272.1412299881049,-119.70731068418172,454.22681767439644
739,-13.303604644062034,-16.412481990182982,24.0813130285851,56.09441493900704,-2.8740108284109738,-71.05284436245347,-50.38315667575807,79.5343211547588,109.81367279353799,-68.00244676027796,-156.11478733467084,0.3323288732176479,128.87260636166707,194.89102908111818,-251.43110612712553,-227.36594289074128
740,-12.41459105262129,-21.411957881717512,14.13405069250166,61.91091742087747,41.59338091072368,-48.023109357005524,-93.72340819325473,-39.66339604231325,58.68211956954383,155.1072764119017,-55.45569893257198,12.601401328101929,-58.07302006021405,164.98063765568077,285.3860852356411,19.929797572578536
741,-12.2836084704104,-24.810574727380867,-1.990970917847335,42.5096898053489,65.0698036499789,9.47299297947393,-60.216414947019075,-89.26569495481817,-47.24782714708181,54.642164386750665,153.63353996865044,-15.656713707357085,-148.14502278745658,-218.13305375403434,-84.21259920426019,342.34944863676355
742,-10.948558718057484,-30.120773770328924,-19.47111192556349,25.725365969955647,59.15846343516296,54.30651420333561,-9.378687917720526,-66.48403569415677,-136.41986173937948,-50.106670879613375,80.39038354315562,34.815875389577286,174.72140919091134,-79.98794742040627,-251.5331127403042,-344.41273813325824
743,-9.312957101612028,-30.455111169594772,-29.636097381117906,-2.7166331604371408,53.729526158325825,77.17746934854767,80.32163059797313,-2.1965139465610264,-52.73531382706187,-99.87839832855389,-145.94122213781884,-26.566755189753167,140.8417002383262,137.74247988018033,166.79285494162468,-67.22891951326164
744,-8.148340503060808,-27.9371901311776,-41.064304675821404,-36.71808812949121,10.65976331071397,78.61132604057275,124.05184418235149,96.98555873292935,50.05499641631923,-40.86058809157112,-90.65269868410905,-38.73578378849561,-213.60199446926208,-115.22771830479905,-58.14457857112211,328.96836848977546
745,-6.532766533758604,-26.319181387854087,-42.673563593793915,-47.587830449986086,-43.20447489671915,-1.5491524436874897,48.50759223246132,91.8786380157544,117.71805741866774,119.19244422091288,27.32588079092602,-85.66747909297237,-19.772608598569832,-197.44219592756417,-297.27275675534474,-273.728716876969
746,-4.723128200279916,-20.100906084082794,-40.68704701296792,-60.284272654816505,-57.32993829399766,-65.55024935923757,-56.74672649281274,-8.382204463086964,68.13905107605706,96.50866543746088,78.40244050188267,-52.742433106631324,162.21057193788818,112.1392440473137,19.2552662343478,-205.6142865942238
747,-3.223132661832551,-13.972215620407724,-32.32963345245389,-56.88152469439774,-70.50476776409869,-71.60159382179882,-98.48313551257888,-61.588984880479984,-116.7725770544439,-34.5987664245622,3.0896221139628324,9.213856751012827,31.560133954695402,185.2209930150275,183.97317455070151,160.99220615382364
748,-1.5785355222565158,-8.464535420068728,-14.635192250565524,-27.62510482651578,-47.64212625108303,-71.89867002143183,-82.67116390027513,-88.64790632310905,-141.12780886574046,-118.01346946402919,-173.46754617897386,-40.1452542712932,-158.03599581215042,-151.03360740511562,-179.26211668633914,-141.21215997676336
749,0.31358834444336026,-0.7469002736417565,-2.6224610405115527,-3.200507203217967,1.4353237831128354,-7.840320604125736,-28.918982183240587,-46.49074493661465,-11.263614007479646,-24.968249460915104,-58.96022975087544,-29.309184973834817,-54.77211443947738,67.82161434635054,-202.8236596620518,-181.55428621368628
750,1.9495314547602902,6.030539356820611,13.025636790400313,26.56939752237031,31.415224704082902,51.28899240213104,67.35160454767174,72.59414291157009,126.56150241408204,109.20393130683806,115.45688944120047,-26.657257583357932,169.21633098994732,570.8808604510559,202.56684700851474,119.76112763499259
751,3.5785822085063046,13.484060526680878,29.26125270744342,55.050985186698654,67.50402539384504,57.82774067225182,119.6396725429513,108.34361515544151,113.94853651176618,61.63537715400162,31.804649612880894,-3.8985871111817687,-46.135464837485074,104.46278747962788,-33.23216484285149,-123.7709182599283
752,5.347381414222127,20.42018416207054,36.49222600981375,57.75688883316752,74.10352251485165,62.137181852584035,62.384716006723465,33.978849920131324,-58.300694324128926,-76.17586144637608,-138.0960879095328,0.002862298731088231,-178.75266154858525,-357.48238884093007,-179.21543872947586,-177.35727349435183
753,7.0114447253918115,24.764626792762442,39.28798746301982,48.21526109473871,38.88153913574024,14.470130562594932,-45.698204785978305,-72.24268449424562,-148.17513372676422,-172.04012569705083,-163.8692709924253,17.123248928361136,-23.697658198379827,71.31126872260938,380.87436480413453,421.14453896881605
754,8.561688301525464,28.161946848984257,42.788156111834724,38.58943449862227,7.572700550467744,-43.68156974854173,-119.28594957060704,-114.05135239655647,-86.82475892475986,-65.3395021649194,179.1303483099764,137.47921466852767,95.93207279898598,171.74924147257116,221.9817462629435,163.04894892963785
755,9.893699850586927,28.562640846122235,38.18389143801596,13.394211279598949,-33.04992772795322,-69.06678997119525,-106.24282707973907,-50.25072857622581,146.64906138105835,136.60528012597933,411.54051459188486,8.129002462391327,25.529776853200303,-219.52729009804898,-330.2124197605117,-333.1158320347895
756,10.883821837985124,27.024363271029415,21.45442698200077,-21.378639926788765,-72.67593748165746,-73.90350338580356,5.3173806898266776,73.63036614348675,356.2494864045725,107.77021723259531,58.66545251360003,-64.38782338694,-145.96319414242333,-118.73451095068594,-20.16633638817075,192.39127251453465
757,11.985927697176521,26.423024319084902,8.693595784239733,-42.490302002719545,-71.16614682765521,-24.024213996892286,183.89041577794706,138.52667037837818,204.3041611274616,-107.84008560389339,-223.8920982035088,38.353952212092736,-3.8092077332459553,168.8219485309528,125.25070180944749,82.84820251150086
758,12.842057896649294,21.549353531721408,-7.309925178025878,-55.335323305605925,-41.36134209512511,41.948268830647066,284.6824822908384,56.64945348849142,-121.85142353299989,-196.70802351715975,-31.719817752142262,-85.14936773111731,231.45539149950673,34.369659466305166,-175.30105070989157,-362.29592069552746
759,13.362509487831176,16.332621176324153,-23.826277403060885,-62.79867511800467,-6.951614296418484,89.76021252174905,161.10082408312883,-62.34808353430708,-153.7121703524631,-10.378519947786117,88.01763652771479,-83.78570722394488,26.7676262032777,-236.10609160030435,7.94918225638321,198.5460787101547
760,14.32155077082507,12.660069601432781,-33.13569891492534,-46.022936255174955,38.668789036148155,94.73404319244764,-54.74851711455267,-119.2618940188695,-2.4679553606436,168.78816644377366,1.1179440002088086,3.650264178505495,-266.52157884666883,-123.17888824218244,148.8017241060843,209.05121882961248
761,14.67282659706325,3.7349435751656017,-41.1502915787014,-12.394098751473393,78.36614295673189,40.39255609976317,-99.38236522134684,-54.76417354700243,52.9691667051909,149.44612668605987,-75.21316873053365,-31.6117591477132,14.912145785289908,111.38809521535586,-78.13997855251728,-291.9279442705083
762,14.324336941349884,-2.997660902473058,-42.04131241985033,10.294988930439558,68.81342573542224,-24.730699576557527,-68.26128930864797,64.93259988947102,100.49135166385827,36.20093439161428,-130.07491583138108,-52.22079326033236,170.23964055677527,-127.4081759245455,-119.11292860148751,89.86739427161228
763,14.154246292449898,-8.804294247809963,-38.163010808662875,34.05446696460058,38.43385627893531,-65.33479775067099,-60.87497155235906,100.37814816150058,8.008167472846935,-128.0424924666877,42.67559184404672,-95.27300054695661,-127.23108878066773,-255.72539342076925,117.6536374910902,192.1732469465278
764,14.080488667511418,-15.98927410026431,-25.807451724786006,57.9808579172568,3.987511920136967,-77.4580045426701,49.08540831763821,81.71664460164175,-148.98461632530632,-75.78415188014333,154.51712568441508,-28.477993347382835,-88.99418464723703,155.86583285735105,143.76472129142348,-293.7136485881565
765,13.393526757123254,-21.02908656805056,-10.278394650655173,57.74284642839257,-44.011477651640234,-58.9333381739325,111.4634127458994,-38.91856934124371,-112.34141979683432,139.7476731560164,-58.363869970569795,28.533164969811878,44.804116766486686,137.69511266164773,-197.26693986797,21.97887390696269
766,11.942731854861904,-26.2012788807383,2.178727952042209,47.00987440626841,-64.35300122805165,12.76712097057316,59.62809963780455,-124.52539142945898,37.98935072473671,106.7091075231001,-153.09368177391661,-57.23288582829264,28.403736966869474,-296.75315242027864,-140.28716225533572,227.32573172961565
767,10.978425790580786,-27.119521628117013,18.465925617081666,25.660045891036134,-52.500917048193514,71.49677177935519,-11.85165202607459,-44.26202211467171,153.47471679438468,-48.4688571143779,-52.52564454566527,-76.38552527353386,-74.68330396710553,50.29555687132233,157.02757431107602,-200.80882675257453
768,10.218993567803409,-28.223945855428383,29.49721152613074,-3.913158640819347,-36.61152462177779,67.12028464418836,-120.60104174331354,81.90534922850202,114.713269539978,-134.49726923264097,197.97187295618642,-25.435380087029444,-42.75664766959744,579.7214435862697,-119.63453985658998,124.51845645390131
769,8.902073494203705,-28.448242205293468,40.87888961174576,-30.20326386839224,-6.2896908263664955,53.77962608862072,-150.34433411143254,277.82472355110076,-43.77400645951457,-27.38904342823662,348.99626760425235,7.456264144348097,365.729096266492,55.57762809532869,-97.43046593582403,450.7773782983786
770,7.362825722202615,-24.69537509444865,46.892559148036526,-48.91259252275631,38.967507710121026,6.897014272818524,-59.24015673088434,216.02189864396496,-173.33604651878727,221.82539129184443,-42.79534898152269,-20.476948401750633,283.90592287946265,-327.7527646199014,371.17564146397854,-67.10419721132348
771,5.713148292191363,-21.782109459726826,34.62350022546434,-47.27311208570791,70.23562785880586,-63.59615047879106,30.366394848620985,-72.12435825743887,-54.18728125701546,146.2050940071349,-283.553720040858,-19.11145659585054,-243.54216915199459,93.9022627666127,-55.538289891141176,-62.887352937796095
772,3.7065956378046394,-14.043665341133078,27.55531777862143,-42.313304365334716,76.27150290419195,-85.1609091424225,81.20659024223278,-110.96884125830547,93.48970393126547,-98.21215127762116,52.837062873695686,-3.2562666860794707,-110.8901950749887,48.75473619974218,-268.01104587841473,262.66485115334217
773,1.8254383649455121,-6.733279256441847,19.666447063022133,-29.406364950963052,46.67777759807723,-53.341852829648815,75.60420403220633,-115.73442170569615,55.01756962008085,-128.62828592247388,169.13549192416394,-9.57430719112017,175.82361007683448,-217.86773403214465,208.75646590430733,-194.4017206285498
774,0.2881326246738354,-1.7855048663808475,0.5488750879794679,-2.0398056141089,3.3147820187250545,0.10432042995671509,-8.17305611744814,-53.00598755977262,16.43953261532488,-43.55578879555105,-42.87418584669649,13.857522353855984,-17.851401928206087,-51.5505466456525,-27.18922975839814,-217.80651115880028
775,-1.4792993971977921,6.21527051130704,-13.016180735635317,20.81358449608888,-39.686854906330154,50.417015147283564,-84.29603012186999,115.19561713301664,-123.32216470489084,128.46380320999015,-159.82700883000143,-63.139745247442534,-142.84109519229787,166.22820152097847,-206.0949776361831,279.5863415525382
776,-3.350301630728154,12.451310916620969,-26.388948491471183,40.824813885155436,-72.14929011447839,90.36058388171023,-86.9664546277927,89.07868970133131,-162.93538914768442,149.28278563386993,-96.44200372225896,-55.86322301473365,7.439329988708778,-2.0516751999384724,99.82316281501153,-0.21548845182405785
777,-5.211468776006313,18.225631411388576,-37.39819180009272,49.396981482157116,-63.10344233104934,76.77712515257372,-44.89893866493367,1.0335599180762074,7.542384600754303,-79.39728537861083,120.89641175833458,25.8371712508565,148.83966897733308,-240.42682264249015,215.41475806734343,-110.03386255999067
778,-6.7070580731869995,24.256221525387616,-40.09660276073737,50.36778488074651,-42.171573540425925,10.353666668521328,9.286620008730097,-84.73110614381585,67.57125617013207,-166.33531264132762,169.80315773955226,-20.691070314313947,-12.707513676665712,44.034945026782225,-112.40720462095851,155.32651641794655
779,-7.877591062389683,27.42567398090273,-37.44891402557505,42.25431263799055,-6.363604435947309,-36.21935066939841,75.38108569728502,-128.01260266711324,51.543323576166586,-23.84058620633732,-70.07679990651377,-66.6902727395227,-177.55885556955172,114.0471219329338,-181.50617232835066,-155.469206305861
780,-9.490840337261716,27.8862935239776,-32.04290120513997,10.765130514093926,35.28507933527635,-64.24147489222105,113.6356024366105,-55.57026495155151,-41.83269532812119,137.14020318645635,-168.52645575422866,-64.58143228414906,-57.75345123586567,-161.6752114914416,258.6866056005729,-258.2020907023616
781,-11.190229771547592,28.470285960842375,-24.18129977826129,-21.53988336356406,62.07174715351812,-76.24914505971628,33.8635328374512,53.66380991510232,-162.68260443770123,107.28762006889156,-32.724872366721684,53.9899294550919,84.45283587360291,-85.28076212873566,43.873266797050746,92.06190205241
782,-12.045183598711446,27.602182766718215,-5.953610099389607,-41.95986577097938,77.001054946154,-32.324669367230854,-82.07378064097429,107.62322081503953,-72.0905410922187,-87.68868698811275,104.68232410397468,69.68114934553932,-55.94608161961423,162.7580832765525,-185.66078163290877,26.003574542119168
783,-12.414736558810773,23.34502576573857,10.935705743552717,-52.16320337470097,40.89001351567549,36.93394980826997,-109.36635553005908,51.86350672933622,67.73489227276332,-158.50613323764992,63.730530766086304,-78.30123498351963,-256.144102334963,116.22332005297358,256.6611413275641,-85.5552088414479
784,-13.264236517588188,18.51502206294083,22.821955850656195,-55.18734913287608,4.029184222154072,80.81851435467797,-61.44816933124093,-67.5733703001024,85.34062641094351,-32.727411506013595,-169.3827415870619,-54.53951671353548,-3.68726446614437,-204.38557522383053,300.4834518879561,279.2359102796472
785,-13.812437626841756,10.92439966653808,35.01172060125327,-49.0240362658642,-25.45348670359408,76.18968798109927,12.741776737515465,-155.81934001930495,26.451730949970624,111.98814832145581,-165.27074197490583,0.8358632193228459,98.45001088082108,-3.574803822339163,-159.50103158315505,127.03053708380321
786,-13.719993337695769,3.9651243222264156,39.837139907303026,-19.73888454576536,-70.14238715874171,28.565869294208824,57.111799862017506,-92.47574146810803,-128.42569304970675,76.67903674338595,99.53373954273411,-32.662817377575266,-133.81088812907092,395.94152104835666,-29.134020117826367,-357.2054681000591
787,-14.171175746268773,-2.056919678242366,40.684481889228664,10.865814003000196,-76.43948792434321,-22.73343913043027,78.60011434333865,49.61563528568513,-156.57292763731311,-74.32122842063836,130.1521284869268,126.25224395718851,-87.08485937708429,47.26956553066702,190.94462434099114,-13.871170810292824
788,-14.03867550640075,-10.256809771964527,38.24792472054014,30.1178381733871,-53.79803221888369,-71.41918641550546,42.471521643092274,116.3189756063075,6.47269674092604,-129.56988827345776,-45.856773378207436,286.62997970493416,219.45234432164943,-203.40748372934468,-276.3507801811156,26.249944853465422
789,-13.112953263341751,-16.50669835904887,27.313101639812885,49.76918536490484,-5.402095017692773,-80.72347631601497,-53.20254695943731,67.27409460443596,68.79200428414242,-42.01139572390821,-134.09020244183193,63.64121705310754,287.49992119520357,122.55194563097757,-163.20212275682752,-323.4282741733841
790,-12.674773677977669,-22.222577173301033,11.78668356318667,53.089016950546466,41.77815183286839,-34.35598977162317,-95.29820261297573,-35.48088722847751,44.322149823464315,140.01151533781376,38.654545538985985,-78.55813536075993,-197.1002714270935,79.30097662576736,260.31867522781613,79.08574884913833
791,-11.348335315243958,-25.884573027446777,-3.55712488516383,37.877233429342596,65.857226806374,8.098482066379802,-79.04106884539942,-109.20908193507785,-33.72502774736586,138.04601008641475,401.0523244210817,18.62730887246107,-256.76780873890766,-235.4236152682497,-159.50902725818923,172.54610658273305
792,-10.371052934924592,-26.88932257904594,-18.600565837955855,24.560528416505804,77.477905526408,53.7301673836746,-3.8129504218231887,-104.87475815796643,-160.80890147837545,-77.7077184683294,258.4037301535209,-14.064231294873025,138.76765488559704,-97.78440894310188,-339.89672584444634,-274.85469669868326
793,-9.860454024486671,-27.415746972188117,-29.363274615293903,0.36052624613603257,52.36554884979432,70.31003492123273,76.40943125810736,13.220802106319752,-112.09993738371668,-129.55795403225056,-190.98400819960807,-4.206011132493586,15.368927435911246,131.0700693979379,175.23268418629596,-63.71623048521724
794,-7.798678522759587,-27.171190823964253,-35.68923339106823,-32.405981928468464,7.291398308898806,43.97806262701761,69.770239938538,73.02158676425461,167.6808561594662,59.36358723224839,-101.48946778041136,24.581384822653945,-205.68082577399218,-58.386315350937366,79.34566031806571,244.66442269553954
795,-6.597853939900119,-25.639456759013,-41.53935390991114,-51.953762529323285,-35.63015525154697,4.313978385726841,31.76083297508012,49.0226175585849,395.4582415603336,219.44360738896648,71.46240320256038,-10.245001598730596,-154.34119964761794,-209.42479036786244,-332.0129127583841,-165.9925536391238
796,-5.296007113910036,-19.913517309638564,-40.88242834583957,-65.79139365306219,-58.93736597938823,-64.51376174840425,-33.29893503108906,14.231008543043572,202.7206315078538,104.4104582737782,70.95522636475653,20.38797529852218,71.94445266549974,125.8550311514191,-7.859977173793595,-100.45716065223678
797,-3.0906830891650543,-13.22508803822916,-30.039032742247855,-56.13286179126135,-64.19207414018047,-90.08952549913283,-104.30264679762331,-106.3551247254145,-96.59615232002216,-72.05714030651143,-1.3228681881082593,-8.766375374018025,44.958964386702064,194.49372607304394,177.4382878190554,364.22777368705283
798,-1.8335858755235677,-7.680377707792786,-16.94602895760181,-28.750025032709345,-52.79939737500217,-64.93207196065396,-102.21854996011098,-111.88842313096757,-115.628302300207,-105.89393082195602,-160.278365594746,-11.66785883459761,-190.13185845821772,-248.382870246518,-156.76198132400714,-95.50425969524804
799,0.13821799869015194,-0.9535355425607577,-1.714519915667097,-4.9903728814251735,-2.212047832422286,-12.108916764953392,-19.381106229891884,84.39118051104015,-36.880413350440904,-56.322616576435394,-10.985562213754747,53.611720048366806,38.58776718460831,-144.67760727847053,-13.434842036906048,-235.19179725822323
800,2.1466764900112594,6.053934937854137,14.697198979518134,23.59232021405478,41.645322400960595,48.61200020364595,74.40316213716142,260.06431327158134,115.56723298317138,106.53919440382742,175.21657185293952,-60.94611693425759,219.8031021313418,188.52981659067154,456.1847261952098,324.04657046153443
801,3.577743165851416,12.373271290824277,27.547555623385733,45.61966528106586,58.875162474484114,73.93519800470858,86.51387132590025,208.71642351723494,127.0375691907384,117.32203303935239,81.55516494719268,-81.98075272765436,23.422594468878742,-62.363806215340446,196.84815251999498,-64.7943361478392
802,5.331179589198655,18.509358417457406,40.14555485287906,58.749454426351804,64.48236772356813,92.51793170640303,78.05264452187839,-13.897321948279568,-55.310357573527654,-73.83033988940588,-107.77651481854082,64.61603771443151,-130.6164357143225,-163.52052380437817,-236.30284696778654,-325.82017759880546
803,6.6640081478399225,24.38944587023593,41.47952818776366,55.158118152294264,43.361661498903686,34.35719434304974,31.04556630463776,-108.6498918020443,-137.11876509157992,-156.01100295413926,-143.47955443713545,-2.8141240686145466,-10.150908793100825,192.0911962606915,128.87075847961933,211.18480877480033
804,8.192879348807537,26.8939405845681,34.735174176238615,36.63062139289832,8.430595919845928,-51.786876549328554,-134.58516209919617,-131.17482769880735,-123.58264628895631,-42.971845367661444,46.00765083877923,-61.747539175864404,151.12961384244045,266.6044981899322,150.0134213834881,-141.96818847941177
805,9.716288323332947,26.39035182936368,30.49532910321409,11.693821229282548,-40.97868672621962,-69.51402144121039,-151.28239930127165,-80.90922073133333,36.171637835429465,128.5253859016957,122.02573531662347,-13.28987772139044,-127.96868400084168,-194.21931876388408,-282.88355860845695,-389.83190651627956
806,10.864179587686294,27.304314174119327,19.065495689806312,-17.626488447507654,-77.5143740681342,-75.42881153111739,-1.1266312831794494,96.56801981624449,161.3472434691639,96.39788493966626,-14.557240022615588,-25.137617506357856,-254.58390026765665,-278.3205600282672,110.07252090270413,182.25894794653868
807,12.102520843284765,25.743719279320203,6.209836885575896,-36.594897242289335,-66.21714823418824,-31.055184485292557,44.99104094076756,111.62055660141777,45.50477204955587,-69.46483105163497,-197.43731754339024,17.850281192353577,160.15708719229224,119.54572160792304,254.70597259545139,70.16527058739302
808,12.606115774241971,22.000339026376878,-6.895795378437015,-55.09006553856307,-37.409158557908086,46.342420644012236,79.41720513790642,12.096545827887894,-101.87853355345032,-112.02348487402196,-99.3198203117554,145.80873293654076,265.4612876347019,-8.524313065885508,-284.5919656783153,-167.0734578581978
809,13.311117654574673,18.75717157275176,-23.457303348244068,-63.434141837972675,-4.579159580256146,90.33656349139346,63.887179854638816,-47.43729311576317,-149.3858499162743,15.53040681447601,160.6462497067605,190.90221084019777,-145.51857176512567,-160.3404862026655,-149.42280867830868,125.67154425575427
810,14.297319724820454,10.939683934399454,-33.52980850552319,-44.48244645039722,30.553042597278818,83.02607502989758,-34.537424640366226,-90.08780054469025,-43.53958691740081,120.82775935130485,73.36692179252168,25.845610746679085,-258.3078874709463,54.8348137548528,188.96877849387238,37.62327431876474
811,14.047124110305049,4.121212145212212,-41.50571874582067,-15.04087725611953,64.02553928705584,26.91813666744474,-76.99535343454772,-58.83892757423018,101.24112344544665,50.43580547597958,-112.67802987429968,-78.6036327385018,125.40106300910884,86.36066259616928,-49.68551417881008,-261.48419245415425
812,14.41296185386068,-1.6733038052248048,-47.229246632232616,13.384309145797488,75.54458080099857,-24.786325329900592,-103.34327410574042,43.069653734863095,96.80387648991382,-65.71939467004267,-86.51994792925689,8.185832679109808,214.93634515423946,-52.97340372385224,-165.80929008422572,283.9399154676066
813,14.92431653949393,-10.030246502527007,-40.103235638698834,41.965600634895054,39.2584810686335,-67.82221898004354,-48.651726724732725,104.02458841879707,-25.51795079483054,-131.64817601612594,139.72335953165748,12.587146357112033,-109.26621355813768,-99.11152520836913,88.4714568325162,542.7802695186401
814,13.786192881188072,-15.555891165358844,-27.742799625334897,62.21914899300555,-0.9940249356859567,-79.81851432836675,50.43483510833903,48.43195765755445,-142.03312686648133,-26.918836329408805,267.53024135309533,-43.06583404305184,-119.86561809818522,172.3773587208343,64.87826591710655,-224.5536239076173
815,13.003342829884332,-19.85904711735293,-13.842296161063814,57.07636782832651,-32.98708462100967,-45.30482492321835,96.85884058402735,-32.84959261343465,-118.0658146307178,167.46443225200346,3.3766247451421805,-44.875205075746635,110.67176648129316,153.00550272251712,-175.85305262497423,-77.97755106227851
816,12.115346509550136,-24.421219605297665,4.842116419142826,36.083570717923976,-70.42903174362641,8.345173778542176,88.80095285063726,-92.97614019209504,13.049757195836719,118.08284372904745,-145.85527881166126,-29.92524719816629,79.15727871000126,-212.9817473115254,62.60297608470319,159.54096544795175
817,10.519107960537553,-28.556152163313527,19.61613447892387,21.747833981329677,-64.11879825016854,68.11668122364335,-9.584385533918976,-104.36776137979905,74.97607623252952,-82.98584925603063,-12.088986744160138,-12.02259023683655,-96.74232432964345,28.45759394040215,368.13015413802987,-305.71459842728655
818,9.578209885507135,-28.74952033111549,29.073526049789393,2.1253840345480057,-33.43587731212642,81.808168287012,-70.50605531286419,-1.969697556211031,25.174421873307438,-155.39168328145752,119.5391602408854,10.079894666382643,-78.30347208432431,406.2349261929776,-7.0214905674774855,-63.99122352289123
819,8.560059017664912,-26.759059686317414,35.34326618385842,-29.615684773893918,-10.993886482488051,47.35677494597394,-67.31924785232695,79.61342913071348,-83.4705617821146,4.6858266872150125,149.74816342801932,35.26021251587372,128.75345900156753,132.7321003032048,-96.02786980017072,60.61606626073626
820,7.130238669059679,-25.140408138994644,41.976578160982,-50.72263653213213,29.003386335840105,-0.03999873647262575,-51.101793486697716,66.63771913741584,-143.43811320545865,203.192384485199,-119.52132624313163,-3.6048951849697914,72.47656860026473,-146.34733744405094,270.65658808340186,-205.0690908792967
821,5.580991581237015,-19.384508179223758,46.04264250640381,-60.30192378488482,53.995003041009795,-53.53108093927358,27.006943991262233,-15.15284715809321,25.394221492408178,100.28235580431647,-228.6491511729664,-7.036204293900482,-157.77893519877034,157.3225137292029,-65.8254770543258,-52.02498725746409
822,3.7020129485838993,-14.696038302645775,33.917506411184206,-50.78441086199018,58.083062412555364,-70.59062071318613,86.42793446494034,-97.04336176814832,246.7503503066473,-100.27890618728998,75.44552676167405,35.79716636620287,-22.36444338468573,213.59764722868567,-258.97331948110696,217.15425660692563
823,1.8318418032312707,-9.054302734990415,17.287782227418347,-26.71586213636965,53.21893734807804,-51.57650767034147,76.66115063996403,-85.86833034680603,267.3168598708544,-159.95878988751792,148.59728932047983,17.9548237027102,151.58315438076534,-200.31752256491018,209.086496847666,-14.251529852699605
824,0.15752775995889579,-0.24277977416068097,4.380459222958308,-7.942036335224657,4.087792453154407,-6.873392791549122,2.881403715800843,-41.06883341889261,100.48002497705784,-60.6864534249471,-19.72685959062801,-26.28009965448655,-15.31699959063917,-76.0568034557291,107.17429618317033,-94.78630340193195
825,-1.6105720889423765,5.688088409204283,-14.739828721480464,26.118483151354667,-46.91188926535233,59.96047808275989,-94.98375904916611,63.850615395287605,-134.27995832161105,146.12797085384955,-131.72337620018334,-64.09377954950105,-197.61819809550798,223.99807670267182,-338.9894526831181,204.7256447788168
826,-3.4683537175878314,12.036586080523193,-32.17842140588675,52.25160146556573,-67.34681528980536,81.12940175361337,-127.08320990022912,125.24415587788098,-110.65550859792347,106.30657798265747,-133.96588330320355,2.3386531546220795,13.812837929905072,8.292116116565012,-82.80313472313833,-141.55510284343472
827,-5.121176769059957,17.75046292650495,-42.01969518978973,46.284640817625586,-70.80915132207542,57.92405656626988,-79.06843516290246,18.458106151643733,35.139705393836266,-104.16700672499428,87.27825568544176,13.8277626901654,306.6026890199064,-219.0472221339587,146.56958486527947,-103.3813586803808
828,-6.696531755839487,22.659196710010747,-46.59838989604566,47.73621579212704,-42.29261944575228,16.52699530753239,27.772792051509896,-67.44984925624158,50.105569196679426,-181.5959447563364,161.4163361648043,35.42950841518723,-21.848437663029472,25.87374885650206,-150.97211342441824,434.4538590623706
829,-8.220771977698632,26.453710465173117,-43.122559741318696,42.61964552780864,-0.9575754724287435,-47.492344140512614,88.47913585032074,-87.51633062266046,45.663849833665154,-57.93003282796417,-104.0238180639517,242.89650761218945,-231.65388278296814,213.69322984881,-46.677054607155014,54.28291521859501
830,-9.262855190421533,27.79459847419548,-32.46996973840169,7.332575078584341,36.164321422537796,-92.01346350153517,67.69256968312402,-19.492382776890736,-49.57471830574832,148.36122753444943,-189.91439469052193,172.94291861448073,118.82998259918895,-187.49974362656212,200.68007615184524,-223.41918212906603
831,-10.314774897328334,28.56807565076315,-21.60457669021889,-18.2907535547738,61.452520080434624,-75.52750204803829,23.083097563394404,201.32209615369356,-121.56190870378668,131.896815382177,8.378824509285096,-49.882258852912855,156.5880708879522,-244.23006497625465,-81.25901546924342,229.8941504488248
832,-11.339434887981724,24.23782926748936,-8.88399320659596,-36.79000458740302,62.31125434172441,-16.18751836487263,-63.104410127038136,230.35238432271944,-57.223545208857104,-94.47066080650256,134.34166547442283,7.801914533110903,-93.97049490686913,143.54866154937918,-225.87968989949422,60.26002694598719
833,-12.5018094825964,20.757796119467457,9.008902095922622,-61.40772883231239,43.57416526314364,38.93611756595328,-110.48326798670314,-5.406897592176392,54.681836561256205,-211.22492040398356,72.08444790567773,-37.88207028660872,-234.79278454681116,-5.215866769744025,266.962594787522,-371.378325698126
834,-14.04038232717221,18.036754722330897,22.809232350957245,-60.83218110674079,10.285697845831464,73.92545686455492,-63.887002159506665,-83.85206620069584,109.09855752077237,-33.15925603805226,-91.30741825303267,-117.66496412710421,-36.699088917230256,-178.032051930124,236.35217722122525,74.41038182006741
835,-14.332225670732441,10.698659598899667,36.39040157145382,-39.47849321795002,-35.62176552409812,75.44591272598223,13.417650221839722,-96.79853116691811,5.930091280841225,145.74188100201718,-71.5901233908537,8.06144691276404,138.9953022239788,168.57706736139517,-359.1122124695321,172.41043717070716
836,-14.370450137958642,4.775718066623995,45.35084199416485,-14.804099364246213,-73.70722248015966,44.87961352363084,73.74904720394261,-89.02125730575062,-90.29915290499594,71.61728462010797,114.40318054908312,-20.884353778656987,-131.35069880798255,376.5128822586121,-45.47131206284939,-207.34734621147072
837,-14.741248858640347,-2.6585727828255585,41.24118539754886,12.052667958731945,-74.4745193505097,-24.4804322659362,125.09980472185998,56.5209292555337,-96.20950706926851,-67.95963206872693,52.94562624730088,-53.0272512936408,-221.40316531874123,-39.473089841274486,213.0594941587351,130.034921622173
838,-13.79530557143471,-10.319861769073214,36.497517637411306,36.46127124936993,-42.628776012647336,-80.53192297563487,150.94030225476308,103.66264399723514,-23.613911816109976,-131.62543294265924,-113.5373258082468,-16.382213015574962,81.89904401915555,-287.1601870660961,-167.48781046515433,180.67342566759908
839,-12.848080642829245,-15.337278310978945,25.499962618223208,48.66172351693058,1.948084867892021,-67.03689269908779,-21.497249667292635,75.58070997525647,87.46268203938052,-43.27061075583333,-157.66435755333634,11.257081281845785,156.41692081805013,137.04892378583463,-7.629913690760077,-247.44910048631573
840,-13.0179851900225,-20.528048527288774,12.225925003830866,50.07813972911936,43.31898097971225,-44.96049440355327,-166.4978495786927,-32.76060358757604,55.51817365761053,101.58262382962857,-32.114085866878156,101.19750436223694,-120.37454838694248,56.44349137608515,190.71630790391646,3.9961740124199423
841,-12.556690935091865,-25.118784245682036,-0.9693006397781119,45.34736987981614,71.25662810890935,9.343274246022034,-68.19909970639856,-121.2328904148635,-44.17979207198914,62.52877980546327,187.68625407380046,-24.980774273318275,-120.90560169950186,-335.27094320682227,-178.56642405789535,179.3460313444957
842,-11.084736081449591,-27.66979540500961,-19.61698753235487,23.795058033607347,70.47173409851962,78.29142623120885,-1.7617101160794846,-56.89537111360187,-87.50857614577762,-60.3696795564756,86.34191352266635,-108.8239358666442,130.46161311343894,-80.25609009408072,-297.89218102913765,-213.20187464109767
843,-9.955384999645048,-27.864147348239385,-30.520715432325915,-3.5177219088009224,41.23311870010616,92.98478274464829,57.41707108319679,-16.1522470925338,-63.29446470215589,-100.53176419266674,-174.28401567440756,0.3603054208197136,120.30742470070254,153.6707707644964,87.38061945110985,85.27984713331534
844,-8.32949664977832,-27.537841108342036,-40.29152336825814,-26.867597457649026,2.741313055823639,63.590744817565394,84.78250526208285,57.27389634830615,67.90928147299019,41.697306230213144,-147.42944653750715,-5.579820947309599,-96.31078726872511,-86.10482922397205,75.37027466136624,437.3475292137955
845,-6.267033316315747,-25.439783616021487,-44.66808600872855,-50.812542372929784,-42.29928520466899,-15.868498009287066,9.864452609523141,82.4443098609554,131.21126472813194,233.9568195235188,80.30174490875311,-40.255235217562586,-24.039250774549146,-301.65507619077835,-209.2949663722975,-82.6761869109032
846,-4.871186730514637,-20.07593882773017,-38.95898397323367,-57.09649720611651,-75.13103199955856,-73.94844047408083,-37.771532717801165,-19.46005632856395,5.421061456645475,107.03919465847139,121.86664609560853,-70.18775120657301,338.41401194978243,58.45737195129186,-55.11628371104689,-43.32732485925226
847,-3.295350171997825,-12.791196081684575,-29.710582419498905,-42.98029757847871,-68.6991060695322,-89.1582680502986,-112.86237306458497,-105.10404720124643,-94.13693902485647,-114.71797947966843,-97.46377449842657,-66.23896607661209,132.76844427536707,185.28298013511812,116.4789143693306,223.1938874378102
848,-1.5986996720471325,-7.3954425940628425,-15.18366961235347,-33.05895277489344,-36.71221535176596,-70.48864645475896,-107.16154655969149,-129.3703267998717,-100.69075332965076,-156.29615454966552,-184.64961876891584,-21.68813760709054,-231.7482734631194,-194.23508524504723,-51.26333688088289,-246.29222722337
849,0.043968721602595906,-1.762160016625785,-2.155472157903887,-9.134571880128533,-5.54443699124846,-0.8793477645042458,3.9966061875311425,-20.015957005602104,8.171466319625324,-26.101123792279395,-5.03276889687595,17.283519260663525,-8.933063117292477,-21.708754751372908,-22.89969518302769,-293.86298088780313
850,1.8415958857929127,6.403412712732461,12.589427905155617,28.393872385473514,38.91084750174241,53.52746058714433,54.0449494806162,102.65460112183064,280.90240995312706,165.63964126496285,166.75496794217543,81.34329262999836,186.51636333893111,160.2075424847062,292.9706075137474,95.70424252592784
851,3.6563088149582654,12.95280535504844,28.22843826587882,45.27311356450264,72.0900462076529,79.36260251121598,85.40998783808027,110.84007088639555,224.69995505693805,108.71191926207393,104.04690308232512,2.1041864805984005,80.13414636975358,-44.64600904708641,-84.82298199701472,-105.81613464276597
852,5.507494335990486,18.417962282683675,38.81470706995219,58.79695973595244,62.41420383810214,60.87110827342008,64.18365130910388,20.504869966131082,-99.51533227865002,-68.9945555193699,-112.45197827352558,-41.35855753290434,-138.2803176652742,-51.70710478119872,-356.04625707682226,-255.69957712497126
853,6.833836186421422,23.454998956275176,42.45453109900109,62.00199694905223,48.81343637825307,11.571048645664632,-44.889361765104695,-112.81851044928953,-139.28365295235562,-135.99729454003682,-124.471437920673,37.49781117550447,-79.56109649952123,217.67256931103475,236.1831420694025,178.22729734974564
854,8.212215641362718,28.879577014021834,43.15177338964827,40.332361024024976,12.258073808686731,-38.929207318723456,-94.03585805432522,-147.33767928818634,-101.85286173935674,-29.086794387854752,56.60418259434118,-9.249099495761584,131.2071408556294,382.33218048068375,106.40926216846583,-5.953393531366601
855,10.125812121326362,30.055590658687834,37.19897605416304,11.065997275170957,-37.473241506224724,-86.62981459224238,-75.25744278062484,-61.438926567090675,18.71656537115996,133.3799824728194,201.89876573502806,-10.814201510195744,-51.12204042140365,-99.67913413007773,-347.6911910133049,-341.8916479206091
856,11.180138435404388,27.679302699532855,19.88421290469364,-20.90335867342401,-53.945997460992885,-73.92032894305703,-44.62541821185005,62.4840671375714,150.2871567441798,64.94424832430377,108.33363376774832,13.895042402082254,-227.72903935545037,-252.49550700720283,-15.492909696769857,194.59032462218602
857,11.624341006773193,27.19250838488415,7.422801395455281,-44.00654743558334,-71.54050594539325,-31.224819063269933,37.54694202927203,117.23787755897501,17.71232674654675,-100.48764907586155,-212.2830549356304,-3.7644431935450484,-24.389377132538357,191.38865436636115,154.4531562277616,37.31073814544652
858,12.697385559788245,21.488427530279296,-7.261748867942515,-57.3119881201319,-57.98857638464224,25.546201458966152,81.08446107650525,67.94310934575697,-71.47363735264298,-151.68739967024885,-73.2586719019937,-11.660467814796903,158.89422109494626,-70.94531099178857,-189.15670224762562,-382.40283439021005
859,13.512427317578613,15.492231606827772,-25.483833127466823,-62.66868699518818,-2.1709700651333037,74.90310866594336,40.2372882231939,-42.167870241253695,-91.02804294383532,-24.15121163520962,171.08122328055288,-37.70679665791522,-67.41215076945082,-300.17619625902444,-134.34082042139016,332.8390744140561
860,13.744002088773641,11.069808560083402,-35.13862024302125,-47.67575837824279,35.374467375131275,61.76381963692302,-8.70509255509387,-108.76884768748823,-52.0237809969949,129.0747720355139,-7.981214160871787,-23.209183331116947,-237.59788565156487,5.013408795224677,197.32310382469313,297.96186956155
861,14.400110356312553,3.2233077694318126,-43.936348283566986,-18.839146610908756,63.80519764554185,25.477130020281948,-68.57027723296778,-49.585630296349336,93.72063118675214,78.28318710977328,-76.61138933048733,-35.101243938030166,61.353008019403205,47.07182505851961,-89.54124189239883,-330.76128329872154
862,14.713703727475831,-2.4173224490396024,-43.66982387965618,11.765953894559061,74.52421137581553,-28.170434465896506,-75.17228361948219,126.37081899127406,102.39251906251229,-65.53519883484114,-102.34470957424128,-68.28183499060287,239.6081348388907,-111.47974519193667,-279.4843674885833,9.239021682791645
863,14.161739527276268,-9.131637831552325,-31.714060756984054,37.03072242958842,46.189829196714754,-86.8831793657937,-23.00342931623163,224.62261390895947,-19.52572824933668,-156.2094964483549,-15.400430692196096,-109.62047707820966,-68.93419686628476,-156.28534591906646,224.19084800705332,21.11979965219507
864,13.659946525977603,-15.80375548797656,-24.011951815382417,52.75382489398271,0.640368627912153,-91.9869750376015,33.06975715915178,65.53712245443967,-108.88330601484267,-38.03236067209218,146.6309183062831,-36.14488871508547,-212.43360917008977,63.09052204604086,214.5077685497099,-247.04939895139978
865,12.884698114990897,-19.28128737659881,-13.121070869248342,60.015689522538196,-34.08593690314146,-45.57302391538633,81.74065010316554,-58.219794264952725,-69.81973716218636,113.20316176972119,-4.565820156569316,50.569131744879996,228.18191844014655,52.25210117340612,-276.00913556163687,105.29804532657727
866,11.999250147495786,-23.50888932932503,4.833535334832504,46.37415197862083,-51.04713700428414,13.866497371932837,57.58920832360309,-87.57454255150151,21.971752230085258,32.84916672176041,-156.2837300151241,-19.855069026911224,256.7706603821207,-189.1163219177106,-7.777490904261867,186.73637531448185
867,11.230665493387278,-26.85663365977871,17.304351493317427,22.891363544160413,-67.20102821760278,69.21685388101287,-16.71787941432558,-121.72695684506289,62.78684656799305,-93.53069723494991,-68.99324982336384,91.65734722172056,-172.24834539672884,-79.91195864006295,235.79878106586784,-140.12717750090815
868,9.52610884819569,-27.546570117835472,29.46813537695789,-1.7287698960881244,-57.74236759234532,80.21316369977922,-72.10136321160098,8.372759550646151,31.839707362491026,-155.32727501075715,131.64729585671103,182.85775520945754,-53.55850089086016,86.811999868376,-149.08892305185145,-2.9245857356945635
869,8.20543856059112,-26.05916693961899,41.0649884340296,-33.55068536851741,-5.308551853548465,41.38679807719109,-91.5306256716649,126.04774162392278,-64.01383506723141,31.02032355265692,147.95364995953696,39.220114897447274,118.72160144766531,-33.054189987487916,-17.70649716281332,221.6320698345953
870,7.33798776661979,-24.686667770864005,44.466072229924066,-49.92161891324304,37.79525257335149,0.7611275520880554,-62.515050720357976,98.59781298696726,-115.52656064565599,227.1761195006402,-95.35770082667023,25.609915988108696,16.156491737456236,-120.80437443836126,210.6937208939762,-140.82522468730895
871,5.397295239585219,-20.848008167226908,41.01411798996469,-50.19613648187169,58.57673084745085,-63.47793503952198,37.96119817841827,-5.448461042811687,-59.554807881511806,55.9058220092993,-180.41295919302593,-24.187106748759106,-115.6594588334774,235.49591932544718,-140.3420830483119,-76.90616618411877
872,3.7533818224515016,-14.634573651595929,30.871636920186575,-49.56450256826702,76.67145387466826,-105.56663136044381,165.43235642434593,-115.35790832083512,57.80310428132361,-79.50914390788239,25.935359581028024,-83.63399266166925,-92.71301039726677,278.6714359278267,-198.22078486358987,313.0940741020968
873,2.0689100014401447,-9.207910286303559,15.722020749187323,-35.12249715325834,54.84624369450495,-58.5240489758512,220.92932102651685,-94.57316786875344,82.70978889636535,-123.77203260404349,153.76870795883133,51.77219101236733,168.9315657999614,-210.13860550627578,110.39958989643401,-89.40187949892061
874,-0.038855557383612904,-1.1312450959803755,1.933676636083419,-0.2003194114940925,-0.11141706258740669,-1.6012393600540236,112.77168746261304,-5.834219071904954,-11.041234667794924,-48.76893254098832,-8.78028704600365,14.257779585568642,28.67348943856632,-136.70225620865676,35.51544000989361,-178.4376281837358
875,-1.6871305607864997,6.703655997402166,-12.63091658260555,26.73435104435339,-35.89640092450588,50.16841081838311,-79.79359360407398,81.52779374854435,-102.4342162843277,150.98424845049158,-146.3904084362548,-33.41261449659214,-238.32455356070568,125.43830183226237,-279.1949356884229,389.3577308452659
876,-3.4584584708863986,12.56921942828194,-28.79285927891806,43.52777659417916,-55.44430125608824,97.34879519866126,-115.51387614087434,125.12605918964618,-114.07371037857229,82.38089045754168,-40.21049661726829,49.659900271799415,9.24917148379609,-37.533400388354494,-104.56540830515632,-26.38708697193215
877,-5.093083073787966,18.227300959275453,-35.84420051124562,59.834896473043955,-58.892359649825835,68.86139049894746,-52.101917536288965,35.829264610173595,57.032151969804545,-59.5665176800394,212.37026541431806,11.605579201243017,188.8606444872712,-158.83853725854715,116.60388018881576,-394.2546950568176
878,-6.759030334461386,23.259647757910898,-41.89107014004912,59.64878763722845,-38.068857013869206,3.653234716477982,-3.4600584778236225,-78.18731019292409,207.70972489743144,-145.21734250726877,357.12610650555143,-15.912681140942368,-60.395749011491716,-42.92818228374381,-196.7038427457021,199.40872075636435
879,-8.400169734938572,26.583306183097193,-46.83058467595856,40.837479943621474,-3.0148739924707115,-48.12404983349552,70.65975573453761,-79.4281148900618,75.80432007871786,-86.85609059066337,3.9099171813013527,-60.223200934078704,-229.42836512910435,54.02295841745945,-147.08203336198312,-81.61101731208328
880,-9.635709650554418,27.828599336156003,-34.46478883870259,10.171312331187437,36.49731074210433,-80.56418969316064,78.36878790141054,-19.90602435308665,-75.21254237010726,172.62219348827784,-239.3225187863718,-72.27297375166017,-52.02283360221918,-129.37632865220075,373.44207161831855,-333.95293692005
881,-10.879166726882431,29.072756574099003,-17.873009924282997,-15.942760614538201,56.301392829559404,-61.831216598607625,1.7657421495532617,61.35010913399219,-98.24187240038009,157.02456588912173,-14.93418355958238,8.173870527070903,175.60641576556372,-149.3010772715279,169.0132202035602,202.89736033835288
882,-11.56828099437098,27.67288822982664,-7.246442761758772,-40.016596338808085,58.799991796223935,-20.88857232874352,-69.41704638829833,134.77685132138686,-77.46201615654718,-118.42068705371639,89.87961816942152,-15.038123512855236,78.66437826956098,141.61514319425987,-206.3467890993777,-33.32839127157422
883,-12.193626280370154,22.711995637789187,8.753205601570698,-63.162313817951144,50.23162236092662,24.58760630724464,-106.29697387656779,71.7595221917536,38.59729307858288,-165.93535407833406,52.75262227613712,-56.037960573854434,-175.0026294056297,51.49597502178949,122.16703244796372,-274.8679417917374
884,-13.164418620906872,16.419704926677696,23.7058574524508,-59.38284458588532,3.1778444522371956,72.38652077526831,-80.75140359251964,-74.05761629809058,100.68661729716041,17.799848095164634,-148.83033508769768,-64.26532481531103,-7.479829775402322,-223.76166977696266,28.48428936767823,72.56830438978068
885,-13.828087791808684,10.616784233220642,30.819840087485318,-39.34434848802448,-49.14005416964619,75.05192293769551,20.976420716775465,-121.47927355598586,16.11637411843185,87.9467956940207,-155.95938601151465,-56.84188285174605,160.7655618922945,-42.364769932268246,-296.6317805060803,-97.574634241897
886,-14.237758158903489,4.618218954140502,41.19294433376126,-18.52973984998698,-75.06504042121901,39.29421277598385,96.30773728663189,-59.55493500326338,-114.56980745447072,34.01066170727427,85.82470209503663,-25.765875997361945,-115.05339227844524,206.36116350881275,118.64726903499877,-346.2191183572322
887,-13.938248498107896,-2.884195991348861,46.14305059585058,12.749662829724912,-82.50319573043816,-25.137347382861662,92.75967557210242,29.18026731916325,-141.1168172337093,-68.05685130305937,39.94035414168684,74.94488637838731,-192.0233596302569,-30.61757425016549,221.84593359198107,171.62610523584954
888,-13.554843313028869,-9.348061638681429,34.93952614550744,41.580078654597855,-52.27642646258187,-67.78927399835675,40.42597981219296,99.5799219091582,6.128848906082567,-144.89658429771953,-48.0019122546837,186.04596278077224,20.387502437413787,-148.4158963734335,-182.40978649222734,311.7210383565107
889,-13.541624142746514,-16.077132888730375,24.570475854810866,57.84072962449227,-3.970481902261781,-69.4162014408007,-52.534738972142804,79.94084835049944,130.2970906000628,-5.759640618780395,-75.3158885376306,3.130483401904712,53.83680655993521,226.1755530094124,-79.03456452328737,-208.3204211503362
890,-12.691328324615824,-22.613408738609905,15.145260439040612,57.240567336968525,42.092589117626176,-64.42958617697332,-100.40961385583068,-29.654559173965026,113.86294222758079,124.17426718649222,-41.3430648804715,-110.9827130383328,-74.35230423706525,112.85164826219625,137.53852992680186,101.56935545862507
891,-11.632143741444452,-24.5090521047905,-3.0028236465859663,39.78734290937609,67.08238896616103,6.9269585244305745,-76.99604335858749,-115.13150780348474,-37.1868372839308,91.57242246803071,89.42116768242522,22.982883420729195,-71.68874826499814,-225.65392860881184,-74.28842115779571,323.312334969527
892,-11.200286079530088,-25.707629361342697,-18.404872550613618,25.561420146415912,59.30286725259771,70.51688108146891,-1.0320548105883063,-100.43443905617119,-164.06107203889042,-17.047884186700685,61.92098687566977,-48.65662856867311,120.09106147998682,65.26695796803688,-223.71955951231666,-297.9957696965357
893,-9.842604157885035,-28.70610261553702,-32.013917285296884,-0.7079027729287191,50.35186162762602,78.85407134507523,83.30016144045658,104.0268673152134,-95.97611348934151,-117.11820883241307,-131.86152924439557,-96.0745211499343,151.82366216210357,216.02504220219998,36.060656596182525,-172.77951383264735
894,-7.648565671162942,-25.94533131542994,-39.99278144180607,-33.41738204061039,8.880411150336613,71.85184101166988,90.03188630052318,240.1129147068425,30.63052838056683,27.44569188969035,-183.00539861670404,-43.992863849282,-142.63546081310778,-101.52355941879432,115.33223709039339,102.84742814403216
895,-6.427003599282216,-21.194515166069323,-40.21298553410179,-51.60339605046829,-46.89028599341759,-10.967268773158594,40.69094079370552,89.53230586434915,91.30213973706486,194.20440877453075,60.519527546322934,-19.061822923176805,-132.3768885772879,-252.62022879381766,-174.51314431212813,-238.4402595690117
896,-5.1228995177652905,-19.763812730327118,-44.91883317473457,-63.132552313755696,-59.779752789293525,-68.50983203191026,-52.15515289003815,-19.185267459745774,52.263375177430134,86.24406101698696,152.16487656340723,58.501917582287206,189.8012896686996,56.27096184832408,184.79033330339735,-106.28140672593872
897,-3.2702504636936283,-14.961585771004138,-33.35660048229511,-47.76775980520051,-67.95563543572075,-79.81354812765221,-109.3117535359197,-74.3450993683839,-90.0041982441835,-63.55873818050895,-41.02795939241514,13.308563657441482,72.41211812128313,147.89059273054954,577.7927918904061,204.44044983042113
898,-1.7569681641280113,-7.997787058641734,-13.324324564914605,-26.075910456745078,-57.290164385639855,-87.83672053615555,-59.795060355609166,-123.27388818465488,-155.354319572416,-114.39268174019526,-155.00532500493682,12.689614792456268,-166.45731672206603,-146.31091196594934,-131.06113047817234,-133.04996518308326
899,0.014955199748328596,-1.3091016091539132,-4.7193587988977015,-8.2131631579241,-6.7556932229867925,-10.034689688909566,-5.874814913397131,-33.9742807385187,-44.589133205812686,-22.77338059550675,10.750039076412577,30.97269908607268,-21.949334700257168,0.3831033114474849,-244.54485093323456,-159.18642611508403
900,1.8094180927682828,6.565170850831237,13.53179252756945,25.888216742190707,40.41419663527154,63.89196099295532,46.855165959081205,87.2069007391633,62.949370544971316,150.99874283173995,327.8987449484357,-80.948697055097,246.67767567333067,165.64375623998785,321.54586145958456,263.77727820537075
901,3.5639217206507965,13.436748392448862,30.309719568380387,43.229867679859126,62.23176922342873,88.0870941564749,81.49213835094997,115.46273190747115,55.35234416524327,121.51014133510762,241.64975036188662,-58.40702753658479,160.4561172357062,-62.66793038882497,-161.12804843451704,-154.95476736614182
902,5.35097601612415,17.982738500586493,37.18289997778993,52.09146531663828,52.59059915082753,77.79145391589509,27.766507160231413,-10.84315744763353,-21.140861060048337,-81.20950305066071,-124.315039107154,13.557251974918472,-117.85293720051413,-154.34275927465023,-312.60798718719343,-200.108385655878
903,6.82388860811443,21.975556905606936,42.5006720303827,57.33908656436324,37.52335059369034,16.55253688832545,-40.87199169502128,-100.74121354630006,-109.23232382532296,-177.1770236681914,-163.19936011753452,-12.440451883987407,19.70347522983502,212.8488566642809,247.08987536690438,587.447823312672
904,8.333305474000554,25.322564369974316,41.72235312046632,31.55438828354363,14.255137445483342,-48.95517921249893,-95.48830203965917,-104.79991873042582,-57.68766748397684,-29.912287375729647,66.6236668499223,-12.60725928355896,164.1944412989833,489.45336940483503,52.87659254665596,158.34072922294763
905,9.613039281759484,27.065957324242845,36.219584321932416,5.262719259397272,-37.42228178285245,-93.62647742403624,-99.98190249939944,-70.54088978146865,112.83505959091053,157.95314975954534,193.21123426312988,-3.515504936061916,-75.7534861403401,-76.07290652517077,-221.34927145006623,-360.75480439684907
906,10.753398102950996,29.101266762302657,22.450905655926363,-14.698405502012065,-61.802908833000856,-79.37687996191335,-24.16890860782587,50.29664410487476,131.7330563151736,126.02237488696119,18.23238852713257,7.126409539130691,-195.85207365540555,-232.59456384220357,116.20848561326238,226.7237257963061
907,11.704731829720004,27.152455243919576,6.174394195979403,-39.82038439866574,-53.08598031336942,-29.794928685589184,135.59666728350567,69.92090810895206,24.80500016127189,-61.904062759917,-152.1949353732998,98.18569843483056,68.26197449868778,240.00850109810563,284.9322176727783,104.31333225097842
908,12.322188340692264,21.74997660974168,-8.796711350902115,-47.282769934960925,-44.11765884928104,35.6288540200012,322.27225585772976,25.864308652054206,-93.43487366619956,-151.97906247530773,-74.05569540385113,193.9275643142828,227.71234823153645,-10.773079998209141,-150.82997231830268,-281.116481301312
909,13.353867294785232,18.605601524672238,-23.50093274023675,-53.2074708891505,-10.029143955915742,88.45430565150264,241.23920299416932,-45.078646918316736,-165.97327031756868,-30.352965135869454,128.5001731611119,206.94310494883393,-102.54599276192312,-248.8173326873548,-227.5481324033226,188.621514694114
910,13.892849079893494,11.744892083306695,-32.77461938000306,-53.208030472939754,42.74998923015369,78.46071077537908,-15.066011384937156,-131.5231872030945,-41.909356382198894,88.97238412009028,164.8990421703129,83.25029558804817,-202.94425357105501,-31.609386006790373,172.9440256656526,220.45887668189243
911,13.706464081842569,3.462536663327228,-38.481169456396856,-18.18512872654719,76.63755237419173,47.10783699159856,-117.35088509250636,-57.56138961988108,100.52710172180014,47.4443698721152,-101.73255613124275,-20.484745945734176,149.1254320409207,86.77008741153804,60.7587527071355,-205.7889751831899
912,14.217118820051837,-1.9099134505495385,-38.52028802618133,14.311643506129258,77.2316528976587,-21.235088677583917,-116.52765310181712,34.32104351563794,112.23523915763144,-61.78271389956353,-167.20473183477588,-15.475924098263931,179.0101189686684,-120.67109103959592,-85.98855592584005,-32.12718505951398
913,14.095813478181299,-9.278511537489067,-36.56817727265843,32.996300336525564,51.63210573472452,-84.97715408539852,-54.77425923346891,78.85076183500132,14.1610537378765,-114.59911243172246,55.51557289784978,-33.38697272671561,-116.40038527312572,-278.02851377388833,225.50461107233787,109.85989843453444
914,13.165637239936586,-15.695408902588497,-29.958790881568348,53.4582209612463,4.5624734287750925,-82.43366760784647,52.996827292154194,69.41179888523038,-149.78191093042187,-50.875157465881784,153.84597338872481,12.965876161000779,-129.1317277805647,102.77989023064401,170.1616588040397,-192.21268095327196
915,13.100601567621197,-20.76659103981183,-11.635614201606586,54.75747128599414,-46.56507031766023,-50.45725396277885,91.32508369888092,-62.44016467714755,-125.95656565955869,127.94572432864516,3.5391748763904616,6.091315300680435,132.67410155369726,70.75937466887717,-195.68724409089373,-4.395604606726465
916,11.846221119139955,-25.831567247094426,3.2910641847347506,44.66236090481107,-70.35117924370729,10.463195527070638,42.82504751776287,-131.47958664326507,42.592375163629185,147.79755506575748,-205.41659318619713,-30.70071607931095,105.86861214396777,-316.33751257617405,26.508928367109547,244.34167400396814
917,10.353886133621927,-28.11290839418143,17.198561219998737,26.668222048903772,-69.63505166185973,58.31482432763505,-20.10198395898624,-78.85391657308173,115.02372671386183,-97.89385480630153,-123.29847046220311,42.753204609838576,-182.47992106777383,-129.6261893221763,166.11210206574287,-169.44758072229763
918,10.014693917647492,-27.26594050300173,32.644880398454916,-6.330478815152674,-48.51895826092914,66.26174186257003,-84.20954208370676,17.868097344877242,47.42717112959872,-159.31510234491725,96.03095063938599,5.889374775986653,-151.32735170780506,131.94916861021102,-224.5270392841303,153.19525269993255
919,8.510289480165738,-26.03740001235019,36.19606092748381,-33.00540032668141,-1.6112932544833711,48.65888629784922,-113.83483406362211,108.87512163582142,-78.44398943935084,88.85445388706285,74.40599296229993,-16.346315733248048,348.92900214350084,58.26646243585856,-137.51710020723658,612.2115831474092
920,7.069660099927205,-26.101289078730588,35.67496993453369,-54.20939386923328,37.758431807980514,-4.3634557002246765,-57.1325880438817,104.93133535704874,-141.16092962370385,235.76380239773425,-81.84214846136456,23.13156500466721,425.85145404629293,-40.55707155221103,168.143324506289,-112.04411285662627
921,5.3127432846386,-21.892008206321407,38.36963935512813,-60.09607565143415,58.915295542063404,-61.312850879708094,22.18328920142085,-10.002324138795302,-67.68746865873254,93.24595064518508,-103.2702930715459,-21.935522004961967,-220.07347457249125,234.72918298815148,-63.96279786684681,-130.78932091123124
922,3.209035040729759,-14.030252394345553,34.03188360441345,-39.570055548906566,78.03958278622736,-85.42071532905629,90.27512804065191,-122.19071038534275,105.25847792016066,-83.22976798680611,143.25126968137192,-25.184762671298813,-214.75772399982088,313.12447785565155,-232.0712276218619,250.81851626392995
923,1.992391095011044,-7.8692399730771285,16.454414014237955,-22.71474527223927,53.488071007419876,-64.3239832396489,88.93931299899123,-112.26209938910142,141.05941227030053,-144.38662283789017,420.0553391681533,-44.49474739791913,215.67864057297993,-180.5521268122884,59.27112374386343,-212.55096262131633
924,0.1006324200088784,-1.2306915840390502,0.8372113620125674,-4.7295807145555955,-2.2618037263225688,-2.3738407881523926,-9.87451415155374,33.63967661766401,-2.104653832866461,-54.330792834749445,133.89118208373475,-27.994528045179322,-32.79536395453033,-136.45840069785777,72.0140577165439,-173.0322560885836
925,-1.7544651072867055,6.481226100910135,-11.344372038626716,27.23551143554505,-33.87590030590036,61.790431613272176,-76.05975836556172,162.55015988054765,-102.71843896941937,134.62194416020066,-290.0854007247981,51.56202690709688,-181.96845756746188,256.44913458085557,-196.23566851828218,189.74678186817368
926,-3.5046715256721654,12.291003393854226,-28.41855954627863,49.40682879084761,-66.71864339084868,90.42554190604324,-92.9363672630061,108.31373782188712,-102.25282263090048,105.61663640543702,-132.13787685691932,11.575231355447613,48.08978965645656,3.849916104941258,-3.6682365655760805,-66.50330591535658
927,-5.351626199134444,18.218004737222145,-39.255073439057014,57.68068246888379,-74.31577462139148,77.77941683294875,-76.21302526376166,17.45847103860251,-9.787655872489267,-78.40971830682247,104.31805315536985,-53.597313451413356,151.64035281955148,-245.90519491184386,267.6941216883206,-222.57937356149023
928,-6.606846026780659,25.57395956979599,-39.23240867893128,57.11763293377771,-33.75660161632095,23.83261795697308,12.023595422004291,-62.90721190748263,106.17982777294674,-162.74885214082315,82.96574297903862,8.049750326619687,-0.7963528904801933,6.21911940348582,23.091979548855306,148.8478761435299
929,-8.0462173754795,28.107713002008495,-34.27428611716914,39.94454393957858,-4.492103351360129,-50.69515720210484,83.29807630530195,-136.44589790158352,111.69454309166031,-54.983636956021655,-50.27763779576708,242.90529755840907,-228.99529090903525,99.90808644160643,-13.024375966619118,17.338006146259886
930,-9.504283749883143,26.87740639688036,-29.375483585494294,11.709257893989161,37.36612727149577,-90.42837171273732,80.0618410636016,-51.4959219716402,-0.6475767871561402,142.6500521111593,-166.6834688587769,199.2909168781007,-79.69962268078234,-163.4349779732629,289.18339701831064,-259.5106199291272
931,-10.715440651988501,26.873364603176014,-20.890451965269676,-18.939310900038436,81.54886386115322,-68.30841154871268,7.3639245499398385,69.35792552003113,-143.8332814161513,89.17133950759307,-24.42523932878248,-85.9641977140709,133.96395943510288,-176.00736276786938,-60.75519528498262,125.89883741852645
932,-12.217298531494635,24.99900171911122,-7.976000909702634,-45.73995586570345,76.49908159950974,-19.730666276441752,-57.115925024922035,107.06968024786329,-86.28274095555025,-104.06944820804347,164.06266442127526,-10.658799874003307,-72.40370924747549,161.70746147005593,-254.23081222425026,10.854427150719403
933,-13.366986650254148,22.089747074322986,8.117624958535998,-52.17626302634653,49.16923004286127,34.68219416595821,-85.40115659247385,41.852200728102616,73.71051012996759,-158.68456344044534,14.52951593474063,51.940801221899164,-250.76938253828848,92.13655868867863,210.77246987148828,-165.77747893634933
934,-13.58237120634476,19.57268350710001,23.723210637788725,-46.47535730044183,2.824150891098725,73.44248318739255,-96.04823633737033,-60.965604044780775,67.1411375036696,-45.674330200228724,-219.99708050213303,12.800728487447486,78.04514826353989,-241.2231059644946,86.1314774344537,370.312338543391
935,-14.00044297578006,12.033349826680933,31.75741840000046,-37.953979395287206,-43.58771692000755,59.44538817222701,3.270400647921633,-107.72531520587654,14.556532771817729,141.21467265881074,-152.34026793796147,9.255900602332986,229.24496911674214,-10.10746054316769,-249.0421787294581,240.11208689133127
936,-14.569228826820108,3.3057982563768746,41.08240655802638,-14.887518648111836,-69.03994909056883,26.49328804184097,76.87245344350231,-86.77909665232073,-73.55478273749395,125.55460831341043,117.10877125046682,-59.895775211622095,-159.214244140574,154.146952753832,1.7028420806927898,-367.3534109928014
937,-13.909340556649113,-2.009914754021338,45.03822811661939,11.675175242133264,-71.27941896536186,-19.55686592987513,67.8731874396326,28.30606991780951,-106.82881803914643,-46.50787561541074,186.33860459040443,8.093356944882544,-213.1890284576657,-245.97780754814812,118.87604083820042,19.051977007094138
938,-13.291681698910907,-9.295147589400585,35.90222194300986,36.78327404900938,-48.299484503519125,-72.0514702700084,47.129640998078685,79.6577277457327,-2.7173507981824514,-102.51847456776886,-104.05840204704145,12.480316365290491,274.2962424050784,-208.37503405795178,-169.75964154188114,296.56266002584016
939,-13.426985165242513,-15.768410777549434,27.680907888148795,59.4228152822825,-8.287051916243854,-81.20352913528404,-54.93912578206073,28.97324954460055,100.62429778509613,1.2478588658414083,-273.28313134001655,-4.6405389682840905,460.42858467571205,479.82496263547364,-144.24961553449248,-249.46737014916198
940,-12.657289066673911,-20.392089746252168,11.610171509586507,62.46548767582772,38.566687134582935,-52.365627322185446,-91.12852872468284,-39.797952528457245,108.73777614386199,151.51768163438828,-52.03075624741905,47.50422341689409,-113.15115872859315,420.65293245260546,142.7065950476499,-5.174462990031316
941,-11.79670939559037,-25.843365238646584,-7.190109731560369,44.88503592564939,64.0884382078375,12.031340645421096,-45.683438041724,-103.43771007893884,-65.86775675175886,135.10554300117656,134.8363296405223,-4.12264959460299,-296.4348739943089,-271.80680149528416,-52.9248635174481,252.20095516330457
942,-10.605363471348028,-28.84252840046247,-19.038521979182406,18.662574503044198,75.77389901632387,71.54865291787246,31.259894738141156,-73.09284699971249,-159.96064053992814,-77.46984177939885,33.336857592497836,-8.879769529108671,243.08577024244005,-15.097654232700734,-295.2147903798177,-195.9146562449987
943,-9.11830185440158,-29.033908947154487,-33.5223813275079,-3.0719754670171824,56.91064152992476,84.3990650907258,194.8781223350743,11.58494733648331,-50.401510654188314,-164.38292860520596,-174.8205621779416,17.045054191379677,173.45822133251932,260.6080219127289,270.9385279982307,21.79129047744027
944,-8.258719856292373,-27.50776368980405,-38.96716904902678,-29.852160726434704,3.5716890568542112,48.252468720319484,226.27154964614965,96.34749975536761,58.89850962944547,52.00696157923085,-138.01494945019658,3.20876334879722,-276.5882425610762,-145.8959791128218,381.9647024771948,163.54562105800778
945,-6.458622023519638,-25.45134525519279,-40.73974052115227,-51.583075362157615,-33.527813359157335,-12.020452670180475,80.49877243436276,108.16141789554604,149.9827488980627,234.0930167768529,288.3378563780934,-71.53225684772588,-190.8894486441277,-149.8791637722461,-309.00295035405,-273.73819722611915
946,-5.059580793427813,-20.43923006811565,-40.18934135120617,-48.64147364237215,-57.820398031047716,-48.488294570294784,-62.851949111020076,-5.513633799630043,83.44649660139112,109.49142836792453,391.05839929280046,-115.38170598965007,215.3769383942854,93.38741457799551,-62.69460871699994,-135.70995766930446
947,-3.782866121047846,-13.642840506374341,-29.466802766608453,-45.58157351867794,-69.83199200276977,-73.71520964598449,-130.86972520390918,-110.51581148134937,-117.99799146390433,-79.35609277144249,-122.35300481341983,-6.201540229742022,176.79596058573225,96.21764712927688,153.60451679234393,294.1614003427221
948,-1.4789319096726103,-8.414592615386937,-17.388262764856336,-29.426583902315542,-47.809375369760346,-57.455053611005496,-104.6728087309566,-115.51923326655378,-158.62155360361794,-134.11522932017397,-225.79808834978758,8.114001490335795,-182.0360318445455,-209.30340747947048,-306.2177213393297,11.272654045156742
949,0.13675292381412874,-1.0556932963663712,-2.3445457582238305,0.02897995421608357,-5.586396499887087,4.32153075968472,-14.146306211321644,-14.622022976804146,-31.42822370900467,-43.21149918457377,69.57133158190845,-3.636632555606411,-50.908349605306285,-169.64668012868788,-116.21075216848476,-157.86099040812405
950,1.758728465438253,6.363970083339154,13.671943138067945,20.426264419589643,31.786925582221556,56.01185305643003,60.81766684224567,96.240252556403,104.03370687514325,149.72338868009683,91.61963735932659,21.2101034025618,216.88318439095747,216.1677414780279,231.1459002852098,348.94208728374724
951,3.564477701740543,12.215043402802621,30.167974455798685,41.89755832456194,58.572922897718854,91.75503619425263,74.91373140261567,100.61242659400523,101.31557307744151,124.73634982998192,19.645526253967546,-85.2852462285482,94.84341554297134,10.922860814927844,62.2664211210722,6.909563699753562
952,5.243070774036823,17.891041542863604,43.05313496667259,52.778072525290554,66.06058062915554,76.33620737964839,59.38371241415007,25.655634386730526,-34.68487475029178,-81.42692117151455,-122.53073760428379,7.335620051944716,-194.0808405038406,-154.41058415087173,-146.46414066818397,-255.5077767984967
953,7.10149700542388,22.698286059647216,43.24143964184077,55.82170848302485,40.509751587351275,14.314567530787372,-34.448623039650556,-86.90344477863255,-126.28894958969067,-119.95187987934332,-129.25054646447097,61.89870275110479,-187.97409134134068,123.41716770291168,118.97914959084665,261.13330715946904
954,8.584685232664015,26.177058537874473,35.958479496981454,40.66858858683372,2.264881008862176,-37.04603552613298,-111.19881831208477,-154.23356509122823,-88.95495174135067,-37.38973584903579,85.15460173123574,-126.77843270221638,158.91967338467657,227.43643278355376,163.35137073634542,-164.8271168400297
955,9.859042232554202,27.12119204742521,29.830031877052534,5.168450895720525,-37.28601190181962,-80.54599174900068,-67.24384115325665,-39.26075150090401,34.66939216339779,80.45332144026179,107.07819424391346,-35.95718396466691,130.15261739744165,-39.47867959973155,-285.6384687684076,-282.973291753824
956,10.91541447804866,27.037876268243053,21.384985789614802,-16.543911952544477,-72.14415052057711,-89.4738101246594,-24.105416898550175,102.68945077031822,187.7969779992345,86.17159794540203,-54.591912557450996,45.943593958148995,-162.87383136623248,-62.75680231654769,-118.75440186315973,278.55919813333276
957,11.864792796868642,24.66142523448252,5.634188852225634,-38.54183413922601,-76.02085605401999,-27.74918480769429,33.869637527212035,73.99620093297563,211.4790202193799,-73.45399526623078,-179.50610815357504,-39.2485748206218,115.39467571688874,372.72958016879056,147.27461639694593,-37.57856691724555
958,12.58214281828532,21.39054315561225,-9.97540269736055,-54.97628647223064,-49.651903601898994,34.02866697348145,75.89149163018374,26.554183700096473,-21.210458875220866,-120.0240875538293,-70.36952862283215,-84.23460179146787,452.62867831125914,105.54031585665507,-94.18754398860256,-321.44883024687624
959,13.242522953320076,16.990656061119807,-22.820195122030782,-49.656367297391625,-5.251839542100697,72.48383183765327,44.06468708322791,-43.659266495687916,-145.9617352733112,-20.021742966971942,120.75162794186326,-111.72742621699945,78.57483654616226,-285.7756904691887,125.81478041923765,74.2776755523173
960,14.225757886773863,10.16803924368287,-33.82726741294209,-40.13017460906667,36.081203212898345,90.4122836399747,-9.121804027112375,-154.13461313480366,1.1402244438650087,67.31136799669184,25.317934744642116,48.35753809844209,-229.26535068925295,12.237775018191314,502.8731096437623,78.68241967998438
961,14.114289648918202,4.9751515686311905,-44.47164075021283,-17.433581642615536,60.87136475379475,34.75640420086529,-74.956418819791,-88.23282069634297,77.41978174716132,73.04642095784948,-134.92078497121838,77.98596015720796,-9.85790373889904,76.24349650897057,77.62513355049668,-239.66407198631532
962,13.719358266513154,-2.3855526141778682,-48.809336733003875,10.58082147800451,65.36151128036317,-30.727695426132414,-94.93454753656988,56.57807993875758,73.52298135720775,-21.098901773555554,-101.29900979479862,-83.50261929315639,105.99757002823753,-120.68561915589817,-256.22477641519436,260.5752372209954
963,13.860340403127339,-9.455510598154433,-39.436535370758065,33.68292805230158,37.133693641924765,-70.7374177467018,-54.872396720595134,88.29733788160593,18.627432117065837,-105.15695550941746,52.90707849221508,-52.61680583235648,-82.3264612757921,-176.39431063960728,119.39345502807555,510.7186524132321
964,13.564938777537463,-14.98472196900002,-28.799573636926652,55.38224420401821,-0.9295176810032899,-86.62040746789944,36.6431473012708,44.31415566636497,-110.82231955734824,-21.922853630036116,132.19525833259104,43.87434081285028,-234.7569195521355,86.69960611674469,30.292414659103088,-230.40996810656543
965,12.876547018562633,-21.884052929106474,-15.005783204367617,56.87339130780856,-34.68646723890197,-30.66997027911475,106.5777746478816,-36.36956377547904,-113.1882182288191,119.16822147461062,-26.297084150035516,35.58277054758037,-30.99113581160782,115.63444899358001,-270.07607353274943,-28.023227241837958
966,11.847900257265792,-25.88509771608551,3.579748651929549,40.870168428636134,-65.58940472954873,20.010366600623,71.04625018222214,-126.87703325363327,2.1994885724379856,107.7587957452779,-154.77303610047966,-65.32005865306019,101.25445628767193,-197.5145907760234,49.52909227307828,338.6055970137095
967,11.327636890853682,-28.6216799903832,16.103129810280734,21.649368721108658,-69.30557961276736,59.67857711305305,-5.744004136537114,-113.15364770414817,72.6899452285088,-36.33860289660515,-20.899698357883608,3.3549266277677816,-116.41160537931137,0.8356329843809363,119.03030235342521,-284.56223821749154
968,10.240727684644298,-28.91083145394441,28.48615949653322,-4.152357727100934,-44.186629182541765,90.3904705063851,-85.44636933617221,7.413285750619252,45.91307333313671,-152.48271425675193,220.40930385993852,141.5576032427798,-156.98375611464144,186.54327841474878,-127.26428857012434,-108.77350812293116
969,8.377245446254165,-26.68075725739618,38.80589478375077,-32.328577174697784,-3.8996874265967563,45.092844813211286,-105.59332488920336,113.47042444567705,-80.77605641589798,2.153324405560852,129.51734962185583,10.252384730283666,49.862605020505725,-69.74470594393642,-58.69084937857406,178.80185161710688
970,7.06608778052032,-23.86216876773142,41.322325853892835,-47.085925055257576,36.38158992987792,-3.090039338589122,-51.06931102753333,126.55365234825877,-158.21982553901216,248.80703809219995,-170.38795962309086,-29.25540569611985,75.11617153641419,-173.57909419149655,187.08377641805055,-194.45643233757437
971,5.368367010061775,-19.785265486660137,36.11665871913101,-54.44850887890425,58.17583580449036,-49.01764025805278,30.249656976535334,8.610662775783567,-42.14754963660198,124.63783416301885,-154.58816638724238,-77.40113115170061,-146.83028620746336,261.40802012169297,117.3550460914048,-31.322722061875538
972,3.5695450104740303,-14.822655522873902,25.37635925520226,-50.875835473810184,59.398473066893075,-85.57236680846745,97.83665323838795,-107.5456418863796,101.26419385515692,-92.66567307220248,23.970598165367846,-123.96769088415931,-115.34640454575128,474.6059258431851,-167.58056423216112,138.3249300102816
973,1.834191678390198,-7.638807295808874,15.088419161174897,-25.639411126978302,38.965600411534524,-56.444654200936384,66.17034491225422,-103.54734410621313,131.19267413341004,-131.3233151880122,130.37445680580277,91.58015694338792,152.22074219612114,-207.9667755418268,-36.80529929709519,-150.31935076025184
974,0.09397160783191794,-0.5887186858744826,1.6687062725159194,-4.047687990113445,4.540593818016987,-6.817804754573899,-13.739075560526544,-13.913702985224518,18.297575011489243,-69.76428389658395,-9.046544124852517,10.416744911515707,87.52582842597621,-239.43547670773842,56.54017862454202,-141.22391377557324
975,-1.6326395632640924,6.41548358448199,-13.088414337247741,20.48564348410582,-35.00975073709924,46.565681277459134,-68.33742911499212,82.42119167331111,-134.43313597588894,158.45955045995652,-128.69221148320503,-153.32534539502376,-175.88620875152992,279.9235153673508,-112.8636135100387,145.23916145905423
976,-3.590111174125923,13.581136312015587,-27.0732542132464,44.07569174538003,-63.42810184684731,74.6182791309302,-103.59338142832894,103.27949996692041,-92.8517682769725,184.0904223623802,5.987289341137512,-79.53049229942917,14.813830315280939,-121.83814067036292,186.85220772707908,-63.96358745158068
977,-5.056674681498407,18.502017191476625,-41.49108222013638,43.80631899286618,-70.46518763110544,64.72400157116044,-57.26838429985946,29.102556334346446,18.046851526536557,-67.25298073978047,37.015576632737066,-9.207773657359212,444.24020317042596,-271.85711937738233,398.03041974795997,-50.34870908140874
978,-6.569085152916159,21.53464930843802,-43.27645058422604,42.800663546942815,-58.60277819514704,20.125487282421545,101.60237679623424,-91.2050550976237,64.77010720338694,-163.16888660551922,8.939610410925525,1.8760821797714016,263.3399968727754,212.65915954468073,-29.796421491490037,532.8723523171866
979,-8.518170998406276,25.809705926511015,-37.88957073292477,32.62992965411922,-10.433116136269746,-46.951310019056564,216.74558370509658,-126.97827020637123,61.58417371497126,-41.504057322308654,-62.93382066976483,-81.98847376771482,-119.87416901925462,210.65240570552123,-27.317109541163518,138.71096356337148
980,-9.924370993227058,30.700930386688924,-34.58969480772248,6.405125496231449,37.11360291594883,-69.21763721511752,131.04316459714937,-39.887311372483964,-52.163438001265604,171.85679926468583,-143.20860146079212,-50.644741884483665,-55.54174143602722,-208.27725110197935,180.44103688915493,-358.95551328438523
981,-10.7864988673482,30.669613254489377,-22.124379110169684,-15.935858526348966,64.38446792210698,-64.44581545609753,-18.407418358241557,63.8660374551182,-152.2118615097679,155.8326918603998,-25.333356070412265,27.408873131606015,30.108377522759838,-205.8593934902019,-161.93437263422675,155.88817795451723
982,-11.7687726248314,28.368221389173414,-6.752329575589101,-40.304140189701684,84.60120198247887,-33.0075025051201,-70.93879194209148,99.15560381209434,-93.7944330965056,-135.01202878223557,62.455074492580025,26.53893814768162,-39.83626430844015,205.13956543826498,-117.21688857144545,20.412622006231686
983,-12.745883410545503,24.78390457379828,7.819228202297381,-55.13372804543815,49.07600629855324,34.39198881379434,-105.602283129856,53.75660425721435,156.05722191857149,-209.50927560402488,-27.11240985005861,-22.440521771392014,-62.55875952925999,63.0817378410502,211.26943255652077,-394.8691023703195
984,-13.573025666401008,17.373004036380735,22.441092062439566,-49.53580064139442,-3.1748778595037948,84.70086173478057,-93.1115241326952,-42.853301480769005,346.6834669953523,0.5205082753236638,-69.0724584871059,-75.89444863989593,25.568447754936642,-311.0000138755422,40.85964066368251,66.24234689671175
985,-14.07624086082069,9.830370785937703,34.10750682921207,-42.398648064844565,-29.83166379751401,92.56906136256839,15.823991107441543,-108.68721544701475,157.6576322136707,169.48807801137445,-35.59623271186865,5.520421312568942,34.65921009934391,-104.66680925295077,-283.8145344152472,53.05686120784594
986,-14.352877115659794,4.441412983744158,47.34442133142511,-20.606825358542665,-66.3739775829822,37.52227579240298,75.6452193510595,-62.82395308328705,-104.14359637914367,69.04358059314836,-20.173339437584218,59.085559190123604,-40.34751688592951,172.72933059999195,-144.41844125342323,-260.31111078019603
987,-14.095745327351324,-1.4617829474445898,48.70911284575959,16.137200146251416,-80.2409370284322,-36.36156012662468,59.60767753181608,48.01890431199354,-115.70393627641715,-139.17923254110792,101.78520069405204,182.81079434246567,67.2634145894408,7.221086742945772,172.8245458715828,56.248734594639245
988,-13.808533221817925,-10.400077282902203,36.139319041547424,33.38176436066078,-45.8455994330634,-87.44594889995233,12.354519872673336,101.15422226001829,-4.150644174974332,-48.05354157362308,109.42169312045735,295.37401393291293,79.70671106882219,-103.86386737665453,-151.07854195850086,-31.095706108368177
989,-14.263565645485869,-16.841555281109322,24.205631201131837,45.37830078427578,3.6815078916361017,-85.59503803404596,-50.06390913051018,68.25647320414282,134.2220702095692,114.41746841285203,-113.47165627160575,3.0645555610717565,-72.25144904897024,261.19614161494246,-262.34645332298896,-311.72494678865405
990,-13.23812542837004,-19.424265672849288,13.004808022889847,55.98268066074161,40.28483760006111,-25.748064092633285,-106.6757929922951,-31.102321281792683,134.83912531928127,66.94805128370353,-117.01484854018054,-93.9170853872165,-88.11946062276547,349.71788027425646,216.25483849041848,13.823444370846119
991,-11.84273024225513,-24.77814288807531,-1.9310136431377032,44.45834108892359,71.899115630903,13.490698983876882,-107.82676228468245,-149.54872324669486,-38.26785574506448,-9.186070068593835,-6.2960546102622175,90.05423666675051,84.20124793700234,-51.42237425327039,-22.264581864546926,137.5175075531497
992,-11.279919362894361,-29.644478939140754,-19.14412585606442,19.29678501567014,84.89758825102854,71.76965738113768,-0.6685780526886447,-102.95391035356079,-133.6190586530629,-40.44570428712177,46.89994291082985,9.2400858460569,128.1387826094142,-63.360738956325804,-272.2045154466359,-238.14107929637248
993,-9.74074185126483,-28.832345463102683,-34.646882103421376,-7.465755937090762,51.595336417058206,104.55514421877069,98.84972907991869,64.58116583369338,-78.582532556351,-15.970819869398838,76.48205113055883,-57.54140950459987,-189.875653904106,60.84726770896668,227.77790836082568,-4.177564621288184
994,-8.43081763121154,-25.918125367345056,-44.98495182110855,-31.65651707363577,0.6711581940280666,38.016022546586555,89.7081928037669,97.35963753182295,41.17662931731866,58.62906532586203,-149.09046707994275,-47.491017784686846,-182.3214316010417,-36.137092458084226,223.9422194214385,536.7670466453819
995,-6.706115686965859,-22.790454552919982,-45.340320181938296,-46.6982050970837,-35.5953705746233,-8.428130438921016,12.628822184956334,31.964796349577227,109.31260802123415,97.36608223228541,-185.89504177605704,42.70448491550633,335.83585462944757,52.86922401879565,-29.73499588200866,12.160270521264465
996,-4.848801891223047,-18.060983666740867,-39.62041129171121,-53.536328999967736,-58.84874428411149,-57.17383432304996,-52.46744941603902,4.939369002626336,33.20971490678767,99.77113431412727,140.40065801489254,126.66182592739278,432.8994330701389,94.74971565644228,35.89378666668199,-239.0976251630891
